  0.500000000       2.96330405E-03
  0.523949146       4.71104542E-03
  0.547898352       3.03289015E-03
  0.571847498       3.15092679E-04
  0.595796704       1.66651350E-03
  0.619745851       7.29618885E-04
  0.643694997       6.63926639E-03
  0.667644143       8.58858135E-03
  0.691593349       1.63131743E-03
  0.715542555       7.77974783E-04
  0.739491701       5.64830298E-05
  0.763440847       3.48175364E-03
  0.787389994       6.98025431E-03
  0.811339200       3.12364707E-03
  0.835288346       4.40397649E-04
  0.859237552       8.87721078E-04
  0.883186698       3.65854986E-03
  0.907135844       9.94369946E-03
  0.931085050       9.90472361E-03
  0.955034196       2.16097385E-03
  0.978983402       3.91323527E-04
   1.00293255       2.61498336E-03
   1.02688169       1.19959293E-02
   1.05083084       1.76050495E-02
   1.07477999       6.93085883E-03
   1.09872913       1.46208564E-03
   1.12267840       1.01635884E-03
   1.14662755       9.91261750E-03
   1.17057669       1.47599485E-02
   1.19452596       1.36423465E-02
   1.21847510       6.44175708E-03
   1.24242425       4.44949465E-03
   1.26637340       8.87662638E-03
   1.29032254       1.75047591E-02
   1.31427169       2.20648684E-02
   1.33822083       1.19883623E-02
   1.36217010       3.56325554E-03
   1.38611925       8.34418088E-03
   1.41006839       1.95289273E-02
   1.43401766       2.83381380E-02
   1.45796680       1.81938708E-02
   1.48191595       5.30312210E-03
   1.50586510       7.00962823E-03
   1.52981424       1.35141434E-02
   1.55376339       2.86944415E-02
   1.57771254       2.68585477E-02
   1.60166180       1.52490214E-02
   1.62561095       1.22969411E-02
   1.64956009       1.24146417E-02
   1.67350924       2.47354321E-02
   1.69745839       3.02321762E-02
   1.72140765       2.29765549E-02
   1.74535680       1.51402773E-02
   1.76930594       1.24939270E-02
   1.79325509       2.57417653E-02
   1.81720424       3.19557674E-02
   1.84115338       2.72747539E-02
   1.86510265       1.69097092E-02
   1.88905180       1.57965217E-02
   1.91300094       2.06242036E-02
   1.93695009       2.93294396E-02
   1.96089923       3.37943919E-02
   1.98484850       3.03307902E-02
   2.00879765       2.04583015E-02
   2.03274679       2.26206202E-02
   2.05669594       2.51922458E-02
   2.08064508       3.67604531E-02
   2.10459423       3.20018679E-02
   2.12854338       2.60223802E-02
   2.15249252       2.92376690E-02
   2.17644167       2.75407545E-02
   2.20039082       3.13664973E-02
   2.22434020       3.00120041E-02
   2.24828935       2.98541076E-02
   2.27223849       3.12899947E-02
   2.29618764       3.08363754E-02
   2.32013679       3.51006165E-02
   2.34408593       3.48434001E-02
   2.36803532       3.60929146E-02
   2.39198446       2.89350171E-02
   2.41593361       2.75850780E-02
   2.43988276       3.41800824E-02
   2.46383190       3.93228903E-02
   2.48778105       4.14924584E-02
   2.51173019       4.17798162E-02
   2.53567934       4.74403203E-02
   2.55962849       4.97815572E-02
   2.58357763       4.47274894E-02
   2.60752678       4.68048006E-02
   2.63147593       4.69664149E-02
   2.65542507       4.99927253E-02
   2.67937446       5.50863966E-02
   2.70332360       6.20145686E-02
   2.72727275       6.48805723E-02
   2.75122190       5.36892079E-02
   2.77517104       4.82166335E-02
   2.79912019       5.69241717E-02
   2.82306933       7.33097121E-02
   2.84701848       7.39028305E-02
   2.87096763       5.80849536E-02
   2.89491677       4.83759269E-02
   2.91886592       6.21360280E-02
   2.94281530       8.50934759E-02
   2.96676445       8.78507197E-02
   2.99071360       7.53385425E-02
   3.01466274       6.54632449E-02
   3.03861189       6.72232956E-02
   3.06256104       7.69714266E-02
   3.08651018       9.68195647E-02
   3.11045933       9.18855071E-02
   3.13440847       6.64415509E-02
   3.15835762       5.80234341E-02
   3.18230677       8.63059610E-02
   3.20625615      0.118721582    
   3.23020530      0.115217358    
   3.25415444       7.66158029E-02
   3.27810359       5.21656238E-02
   3.30205274       7.35399500E-02
   3.32600188      0.106703982    
   3.34995103      0.136905953    
   3.37390018      0.111897334    
   3.39784932       8.09250996E-02
   3.42179847       7.74548948E-02
   3.44574785      0.101833262    
   3.46969700      0.136718825    
   3.49364614      0.130524635    
   3.51759529       8.96098614E-02
   3.54154444       7.89279267E-02
   3.56549358      0.102049872    
   3.58944273      0.150628388    
   3.61339188      0.155520439    
   3.63734102      0.107615396    
   3.66129017       8.35787803E-02
   3.68523932       9.82030332E-02
   3.70918870      0.136901945    
   3.73313785      0.173528746    
   3.75708699      0.147614509    
   3.78103614      0.123026133    
   3.80498528      0.105358817    
   3.82893443      0.134992167    
   3.85288358      0.174832791    
   3.87683272      0.183308691    
   3.90078187      0.147028148    
   3.92473102      0.132463709    
   3.94868040      0.151332989    
   3.97262955      0.180217296    
   3.99657869      0.184151098    
   4.02052784      0.169360340    
   4.04447699      0.153369159    
   4.06842613      0.165018916    
   4.09237528      0.190350428    
   4.11632442      0.207428902    
   4.14027357      0.204470947    
   4.16422272      0.169230968    
   4.18817186      0.166052178    
   4.21212101      0.190443829    
   4.23607063      0.214314148    
   4.26001930      0.218508065    
   4.28396893      0.191574320    
   4.30791759      0.203807086    
   4.33186722      0.216890886    
   4.35581589      0.208697587    
   4.37976551      0.210858226    
   4.40371418      0.204097241    
   4.42766380      0.217221022    
   4.45161247      0.232896164    
   4.47556210      0.230787575    
   4.49951124      0.226099178    
   4.52346039      0.217149392    
   4.54740953      0.216763213    
   4.57135868      0.242951825    
   4.59530783      0.257034481    
   4.61925697      0.254332364    
   4.64320612      0.228292793    
   4.66715527      0.217423409    
   4.69110441      0.235796794    
   4.71505356      0.255606383    
   4.73900270      0.222586423    
   4.76295185      0.198612928    
   4.78690100      0.205500364    
   4.81085014      0.237429455    
   4.83479929      0.261948794    
   4.85874891      0.237470955    
   4.88269806      0.203825638    
   4.90664721      0.192440301    
   4.93059635      0.209179655    
   4.95454550      0.245298713    
   4.97849464      0.256588668    
   5.00244379      0.224837318    
   5.02639294      0.192325979    
   5.05034208      0.195106283    
   5.07429123      0.239726454    
   5.09824038      0.272022039    
   5.12218952      0.222146511    
   5.14613867      0.181109011    
   5.17008781      0.185494810    
   5.19403696      0.229276419    
   5.21798611      0.264703333    
   5.24193525      0.250066698    
   5.26588440      0.207373708    
   5.28983355      0.197489157    
   5.31378269      0.208826736    
   5.33773184      0.263210297    
   5.36168146      0.273599267    
   5.38563061      0.240991443    
   5.40957975      0.199701250    
   5.43352890      0.197208852    
   5.45747805      0.260924727    
   5.48142719      0.309866309    
   5.50537634      0.287146330    
   5.52932549      0.237788469    
   5.55327463      0.218437433    
   5.57722378      0.262968540    
   5.60117292      0.293576121    
   5.62512207      0.289766461    
   5.64907122      0.257272959    
   5.67302036      0.225754127    
   5.69696951      0.243342832    
   5.72091866      0.313578367    
   5.74486780      0.341477662    
   5.76881695      0.308589607    
   5.79276609      0.244158372    
   5.81671524      0.245069042    
   5.84066439      0.302649975    
   5.86461353      0.356437951    
   5.88856316      0.347590953    
   5.91251230      0.293650925    
   5.93646145      0.283801943    
   5.96041059      0.287183613    
   5.98435974      0.349286765    
   6.00830889      0.345212817    
   6.03225803      0.310510159    
   6.05620718      0.272564828    
   6.08015633      0.280039698    
   6.10410547      0.345622987    
   6.12805462      0.374901354    
   6.15200377      0.324558437    
   6.17595291      0.274780363    
   6.19990206      0.256453156    
   6.22385120      0.311129093    
   6.24780035      0.360875696    
   6.27174950      0.355948448    
   6.29569864      0.303049803    
   6.31964779      0.264791071    
   6.34359694      0.267907143    
   6.36754608      0.308199853    
   6.39149570      0.325718522    
   6.41544485      0.300846130    
   6.43939400      0.249856234    
   6.46334314      0.266256660    
   6.48729229      0.289923519    
   6.51124144      0.316414267    
   6.53519058      0.293371975    
   6.55913973      0.237028599    
   6.58308887      0.227055058    
   6.60703802      0.243099391    
   6.63098717      0.274771333    
   6.65493631      0.277314723    
   6.67888546      0.244654328    
   6.70283461      0.205639139    
   6.72678375      0.198515609    
   6.75073290      0.205799550    
   6.77468204      0.231436789    
   6.79863119      0.223087624    
   6.82258034      0.198255390    
   6.84652948      0.167371899    
   6.87047863      0.174059674    
   6.89442825      0.180253252    
   6.91837740      0.173223346    
   6.94232655      0.155311719    
   6.96627569      0.141963273    
   6.99022484      0.139086887    
   7.01417398      0.151660562    
   7.03812313      0.151572883    
   7.06207228      0.147799104    
   7.08602142      0.125633627    
   7.10997057      0.107860029    
   7.13391972      0.107363127    
   7.15786886      0.121292531    
   7.18181801      0.127667755    
   7.20576715      0.119119063    
   7.22971630       9.70008299E-02
   7.25366545       8.99774507E-02
   7.27761459       7.80062973E-02
   7.30156374       8.88986662E-02
   7.32551289       8.53323713E-02
   7.34946203       7.71945119E-02
   7.37341118       7.69893825E-02
   7.39736080       6.02341145E-02
   7.42130995       6.87061250E-02
   7.44525909       5.88247292E-02
   7.46920824       5.69764711E-02
   7.49315739       4.59839441E-02
   7.51710653       3.86701189E-02
   7.54105568       4.70114909E-02
   7.56500483       5.60726635E-02
   7.58895397       5.94346933E-02
   7.61290312       4.62643728E-02
   7.63685226       2.85187997E-02
   7.66080141       2.95772254E-02
   7.68475056       2.91579049E-02
   7.70869970       4.18673232E-02
   7.73264885       3.54687013E-02
   7.75659800       2.48987116E-02
   7.78054714       2.09931880E-02
   7.80449629       1.74814165E-02
   7.82844543       2.30663624E-02
   7.85239458       2.62704995E-02
   7.87634373       1.78064387E-02
   7.90029287       1.17881633E-02
   7.92424250       1.08227702E-02
   7.94819164       2.09351256E-02
   7.97214079       2.37112679E-02
   7.99608994       1.74736213E-02
   8.02003860       7.86771625E-03
   8.04398823       6.11090567E-03
   8.06793785       1.04991663E-02
   8.09188652       1.60255507E-02
   8.11583519       2.17009205E-02
   8.13978481       1.15003828E-02
   8.16373444       3.22871492E-03
   8.18768311       2.66088778E-03
   8.21163177       7.84709491E-03
   8.23558140       1.30487550E-02
   8.25953102       1.25592342E-02
   8.28347969       2.47499906E-03
   8.30742836       2.18908815E-03
   8.33137798       3.09449178E-03
   8.35532761       1.15274154E-02
   8.37927628       1.26008494E-02
   8.40322495       2.96996720E-03
   8.42717552       4.25639562E-04
   8.45112419       1.52498716E-03
   8.47507286       5.47897583E-03
   8.49902248       1.32923089E-02
   8.52297115       6.11792225E-03
   8.54692078       4.94427513E-04
   8.57086945       3.23961809E-04
   8.59481907       6.63518324E-04
   8.61876774       5.36799245E-03
   8.64271736       6.28371770E-03
   8.66666603       1.31998223E-03
   8.69061565       1.87662692E-04
   8.71456528       1.00285071E-03
   8.73851395       5.05854748E-03
   8.76246357       8.70541669E-03
   8.78641224       2.46854033E-03
   8.81036186       4.28771746E-04
   8.83431053       1.44448492E-03
   8.85826015       1.08304794E-03
   8.88220882       7.20144529E-03
   8.90615845       4.40305052E-03
   8.93010712       4.89599828E-04
   8.95405674       1.91483088E-03
   8.97800541       1.61970223E-04
   9.00195503       5.96597837E-03
   9.02590370       4.78893146E-03
   9.04985332       1.20585598E-03
   9.07380199       9.41383769E-04
   9.09775162       6.97183306E-04
   9.12170029       1.15814048E-03
   9.14564991       4.94533079E-03
   9.16959858       1.71901740E-03
   9.19354820       9.89702530E-04
   9.21749783       2.76836287E-03
   9.24144650       4.22276673E-04
   9.26539612       5.64218545E-03
   9.28934479       4.24131565E-03
   9.31329441       2.47117045E-04
   9.33724308       3.59568023E-03
   9.36119270       5.05072763E-04
   9.38514137       9.19445301E-04
   9.40909100       3.16677662E-03
   9.43303967       1.41061784E-03
   9.45698929       4.62404714E-04
   9.48093796       9.38439451E-04
   9.50488758       9.45147185E-05
   9.52883625       3.46320774E-03
   9.55278587       2.61081127E-03
   9.57673454       8.30433390E-04
   9.60068417       2.89172656E-03
   9.62463284       4.38187621E-04
   9.64858246       2.08389852E-03
   9.67253113       2.27057026E-03
   9.69648075       1.15785580E-04
   9.72043037       4.29374399E-03
   9.74437904       1.74277090E-03
   9.76832867       1.25136867E-04
   9.79227734       3.03665060E-03
   9.81622696       6.17557555E-04
   9.84017563       7.29937456E-04
   9.86412525       2.85131624E-03
   9.88807392       7.41792261E-04
   9.91202354       5.80823224E-04
   9.93597221       1.25743821E-03
   9.95992184       5.59458276E-05
   9.98387051       1.80102570E-03
   10.0078201       4.76924703E-04
   10.0317688       1.28842168E-03
   10.0557184       3.78893339E-03
   10.0796671       8.88719049E-04
   10.1036167       2.43554078E-03
   10.1275654       2.51290505E-03
   10.1515150       1.12126385E-04
   10.1754637       1.39582576E-03
   10.1994133       1.33877061E-03
   10.2233629       1.34673819E-03
   10.2473116       3.20695271E-03
   10.2712612       1.42862566E-03
   10.2952099       1.56722715E-04
   10.3191595       2.42083706E-03
   10.3431082       4.21522389E-04
   10.3670578       2.32395926E-03
   10.3910065       1.22144527E-03
   10.4149561       6.58309436E-05
   10.4389048       3.06392740E-03
   10.4628544       5.98970219E-05
   10.4868031       2.25411775E-03
   10.5107527       3.53531213E-03
   10.5347013       1.29001011E-04
   10.5586510       3.16251116E-03
   10.5825996       1.45140733E-03
   10.6065493       1.63140707E-03
   10.6304979       4.16573975E-03
   10.6544476       2.65559368E-03
   10.6783962       4.74737521E-04
   10.7023458       1.40211778E-03
   10.7262955       1.09725719E-04
   10.7502441       1.53831101E-03
   10.7741938       2.42714677E-03
   10.7981424       7.16395094E-04
   10.8220921       2.93955905E-03
   10.8460407       1.04773894E-03
   10.8699903       3.64590995E-03
   10.8939390       4.06453200E-03
   10.9178886       1.68309401E-04
   10.9418373       2.25603767E-03
   10.9657869       1.78843387E-03
   10.9897356       6.42141735E-04
   11.0136852       3.33565590E-03
   11.0376339       1.24028453E-03
   11.0615835       8.23421724E-05
   11.0855322       2.71757040E-03
   11.1094818       4.88624908E-04
   11.1334305       1.18177477E-03
   11.1573801       2.68373475E-03
   11.1813288       5.24342113E-06
   11.2052784       2.44999304E-03
   11.2292271       8.11312522E-04
   11.2531767       9.90650151E-04
   11.2771263       1.83126028E-03
   11.3010750       3.20777966E-04
   11.3250246       1.79035857E-03
   11.3489733       3.47867288E-04
   11.3729229       1.07515982E-04
   11.3968716       1.74220908E-03
   11.4208212       2.32129684E-03
   11.4447699       1.89852421E-04
   11.4687195       5.57504594E-04
   11.4926682       1.01471250E-03
   11.5166178       3.73739138E-04
   11.5405664       1.42408395E-03
   11.5645161       6.81352860E-04
   11.5884647       2.17703520E-04
   11.6124144       3.53599666E-04
   11.6363630       5.16452155E-06
   11.6603127       1.38958567E-03
   11.6842613       4.34960530E-05
   11.7082109       4.84152697E-04
   11.7321596       1.53320446E-03
   11.7561092       5.07646473E-04
   11.7800589       8.45008297E-04
   11.8040075       6.71352493E-04
   11.8279572       1.71778011E-05
   11.8519058       1.18263380E-03
   11.8758554       1.58018270E-03
   11.8998041       1.04284100E-03
   11.9237537       1.15609844E-03
   11.9477024       3.03822104E-04
   11.9716520       2.45933712E-04
   11.9956007       5.60457760E-04
   12.0195503       4.36996816E-05
   12.0434990       1.03339180E-03
   12.0674486       5.18945162E-04
   12.0913973       3.41615669E-05
   12.1153469       2.11875973E-04
   12.1392956       1.58794690E-04
   12.1632452       2.15326989E-04
   12.1871939       6.08970236E-04
   12.2111435       8.42379930E-04
   12.2350922       6.46155095E-04
   12.2590418       5.30078833E-04
   12.2829914       9.55428637E-04
   12.3069401       1.05213112E-04
   12.3308897       5.38178720E-04
   12.3548384       5.77547413E-04
   12.3787880       6.83738093E-04
   12.4027367       7.32083688E-04
   12.4266863       1.62415323E-04
   12.4506350       4.82876843E-04
   12.4745846       4.59504285E-04
   12.4985332       1.07786916E-04
   12.5224829       5.87498071E-04
   12.5464315       3.03573092E-04
   12.5703812       5.07885183E-04
   12.5943298       9.67901899E-04
   12.6182795       1.41836563E-03
   12.6422281       9.37686535E-04
   12.6661777       2.21391628E-03
   12.6901264       2.07688008E-03
   12.7140760       1.26059994E-03
   12.7380247       1.71342632E-03
   12.7619743       6.83289472E-05
   12.7859240       2.25819321E-03
   12.8098726       1.55912735E-03
   12.8338223       9.76239608E-05
   12.8577709       1.31184363E-03
   12.8817205       5.63672569E-04
   12.9056692       3.31000221E-04
   12.9296188       1.55491626E-03
   12.9535675       5.92628145E-04
   12.9775171       6.22908876E-04
   13.0014658       2.88197445E-03
   13.0254154       4.32312110E-04
   13.0493641       3.05554084E-03
   13.0733137       2.16814177E-03
   13.0972624       1.28319697E-03
   13.1212120       5.09315543E-03
   13.1451607       1.60930667E-03
   13.1691103       1.60292443E-03
   13.1930590       3.22359055E-03
   13.2170086       7.09609478E-04
   13.2409573       1.67870894E-03
   13.2649069       1.82235008E-03
   13.2888565       2.38572211E-05
   13.3128052       1.60334283E-03
   13.3367548       1.70743605E-03
   13.3607035       1.24053645E-03
   13.3846531       9.23594343E-04
   13.4086018       2.94769445E-04
   13.4325514       3.09825665E-03
   13.4565001       4.21983469E-03
   13.4804497       6.61924190E-04
   13.5043983       4.19598911E-03
   13.5283480       7.85995508E-04
   13.5522966       9.54650925E-04
   13.5762463       5.39573096E-03
   13.6001949       6.59130630E-04
   13.6241446       8.10738828E-04
   13.6480932       1.75139622E-03
   13.6720428       4.30220971E-05
   13.6959915       2.45607877E-03
   13.7199411       1.57331163E-03
   13.7438898       3.26399240E-05
   13.7678394       2.37668236E-03
   13.7917891       7.10701861E-04
   13.8157377       1.22124422E-03
   13.8396873       2.24309089E-03
   13.8636360       3.61564336E-04
   13.8875856       4.58992459E-03
   13.9115343       3.47036892E-03
   13.9354839       8.78241321E-04
   13.9594326       2.90483120E-03
   13.9833822       1.25439872E-03
   14.0073309       1.18789880E-03
   14.0312805       2.26752646E-03
   14.0552292       5.72445686E-04
   14.0791788       1.92699942E-03
   14.1031275       3.87967657E-03
   14.1270771       6.00828731E-04
   14.1510258       2.06410256E-03
   14.1749754       1.35399844E-03
   14.1989241       4.17383781E-05
   14.2228737       4.28617606E-03
   14.2468224       5.74112753E-04
   14.2707720       8.61990557E-04
   14.2947216       2.55427277E-03
   14.3186703       5.05038886E-04
   14.3426199       5.18177124E-03
   14.3665686       2.01234152E-03
   14.3905182       5.75324579E-04
   14.4144669       5.15581062E-03
   14.4384165       1.23593456E-03
   14.4623652       8.33769329E-04
   14.4863148       4.08529956E-03
   14.5102634       1.02764217E-03
   14.5342131       9.97976051E-04
   14.5581617       3.12049873E-03
   14.5821114       5.99248815E-05
   14.6060600       1.82530726E-03
   14.6300097       1.63530570E-03
   14.6539583       1.24712498E-03
   14.6779079       2.73778592E-03
   14.7018566       2.16525281E-04
   14.7258062       2.40335753E-03
   14.7497549       1.73705467E-03
   14.7737045       2.86367867E-04
   14.7976532       1.82202156E-03
   14.8216028       2.06767977E-03
   14.8455524       5.40837646E-04
   14.8695011       3.17082298E-03
   14.8934507       7.26706116E-04
   14.9173994       1.55591185E-03
   14.9413490       4.55951877E-03
   14.9652977       4.18347336E-04
   14.9892473       1.55759847E-03
   15.0131960       1.35479204E-03
   15.0371456       4.77409667E-05
   15.0610943       1.43793237E-03
   15.0850439       6.09652998E-05
   15.1089926       1.02956034E-03
   15.1329422       1.76553882E-03
   15.1568909       4.07103798E-04
   15.1808405       1.17339892E-03
   15.2047892       1.70473708E-03
   15.2287388       4.24202706E-04
   15.2526875       2.67563527E-03
   15.2766371       3.56521201E-03
   15.3005857       1.21878413E-03
   15.3245354       2.61836732E-03
   15.3484850       1.02612725E-03
   15.3724337       1.46257412E-03
   15.3963833       3.02419509E-03
   15.4203320       2.06070807E-04
   15.4442816       2.24575470E-03
   15.4682302       9.95233306E-04
   15.4921799       1.98548776E-04
   15.5161285       1.58960850E-03
   15.5400782       1.53161190E-03
   15.5640268       7.59156770E-04
   15.5879765       2.32756790E-03
   15.6119251       9.08458023E-04
   15.6358747       2.64922320E-03
   15.6598234       2.64169509E-03
   15.6837730       1.88743608E-04
   15.7077217       4.14972426E-03
   15.7316713       3.05247540E-03
   15.7556200       8.42545473E-04
   15.7795696       2.69243820E-03
   15.8035183       1.27318618E-03
   15.8274679       3.08392220E-04
   15.8514175       2.14906177E-03
   15.8753662       3.07775714E-04
   15.8993158       7.36345653E-04
   15.9232645       2.05760496E-03
   15.9472141       2.88134848E-04
   15.9711628       1.80012500E-03
   15.9951124       1.77355774E-03
   16.0190620       6.11097668E-04
   16.0430107       4.60545812E-03
   16.0669594       2.42961524E-03
   16.0909081       7.12422538E-04
   16.1148567       2.08812533E-03
   16.1388073       2.59245571E-04
   16.1627560       2.34658830E-03
   16.1867065       2.21141265E-03
   16.2106552       1.98019825E-05
   16.2346039       1.77260884E-03
   16.2585526       1.55078084E-03
   16.2825012       2.41599395E-04
   16.3064499       1.08873635E-03
   16.3304005       8.65060603E-04
   16.3543510       5.49010292E-04
   16.3782997       1.35751290E-03
   16.4022484       2.87936622E-04
   16.4261971       1.53820752E-03
   16.4501457       3.36373749E-04
   16.4740944       1.01353238E-04
   16.4980450       3.19612678E-03
   16.5219936       2.32057311E-04
   16.5459423       6.57518452E-04
   16.5698929       1.07484113E-03
   16.5938416       1.67704668E-04
   16.6177902       6.75441232E-04
   16.6417389       6.74264214E-04
   16.6656895       6.90467539E-04
   16.6896381       6.35562057E-04
   16.7135868       4.66140045E-04
   16.7375355       5.47605450E-05
   16.7614861       6.76811906E-04
   16.7854347       1.30128668E-04
   16.8093834       3.84138140E-04
   16.8333321       4.12126334E-04
   16.8572826       5.55042534E-05
   16.8812313       3.54892632E-04
   16.9051800       5.11054706E-04
   16.9291306       4.73619759E-04
   16.9530792       9.31120478E-04
   16.9770279       1.37715891E-03
   17.0009766       6.51478244E-04
   17.0249271       1.50410959E-03
   17.0488758       7.19050353E-04
   17.0728245       2.21918177E-04
   17.0967731       7.50072650E-04
   17.1207237       8.20216606E-04
   17.1446724       1.65908423E-04
   17.1686211       1.90144696E-04
   17.1925697       8.95061356E-04
   17.2165203       1.94539782E-04
   17.2404690       4.86992882E-04
   17.2644176       2.81924877E-04
   17.2883663       2.54145591E-04
   17.3123169       9.88850137E-04
   17.3362656       4.40024189E-04
   17.3602142       3.24195746E-04
   17.3841648       3.86277970E-04
   17.4081135       1.41490251E-04
   17.4320621       1.89740153E-03
   17.4560108       1.77552179E-03
   17.4799614       7.64651282E-04
   17.5039101       1.35630672E-03
   17.5278587       8.95749312E-04
   17.5518074       1.43304188E-03
   17.5757580       9.77472053E-04
   17.5997066       7.66245706E-04
   17.6236553       8.85968329E-04
   17.6476040       1.40677416E-03
   17.6715546       3.20482679E-04
   17.6955032       4.92552062E-04
   17.7194519       9.75147414E-04
   17.7434006       2.17938592E-04
   17.7673512       1.21193333E-03
   17.7912998       8.29635130E-04
   17.8152485       1.28574856E-03
   17.8391972       1.90735678E-03
   17.8631477       1.35094087E-04
   17.8870964       2.48504919E-03
   17.9110451       1.96299935E-03
   17.9349957       2.31569520E-05
   17.9589443       2.32848595E-03
   17.9828930       6.34252850E-04
   18.0068417       7.85905053E-04
   18.0307922       3.15721426E-03
   18.0547409       6.66111882E-04
   18.0786896       1.51172979E-03
   18.1026382       1.68038509E-03
   18.1265888       1.08481807E-04
   18.1505375       5.21184411E-04
   18.1744862       8.07427685E-04
   18.1984348       1.70925492E-03
   18.2223854       3.92785762E-03
   18.2463341       1.45885732E-03
   18.2702827       2.75022699E-03
   18.2942314       3.57823493E-03
   18.3181820       1.60754658E-04
   18.3421307       3.73909273E-03
   18.3660793       1.62011036E-03
   18.3900299       4.17129602E-04
   18.4139786       3.17392009E-03
   18.4379272       9.60726989E-04
   18.4618759       5.99118939E-04
   18.4858265       2.98610539E-03
   18.5097752       5.86830662E-04
   18.5337238       2.54728366E-03
   18.5576725       2.29851552E-03
   18.5816231       8.40444991E-05
   18.6055717       4.04348504E-03
   18.6295204       1.50154415E-03
   18.6534691       9.17931204E-04
   18.6774197       5.90639003E-03
   18.7013683       4.74518747E-04
   18.7253170       1.80441909E-03
   18.7492657       3.16692283E-03
   18.7732162       4.85668133E-05
   18.7971649       4.22899472E-03
   18.8211136       2.92339036E-03
   18.8450623       3.31707241E-04
   18.8690128       3.63846449E-03
   18.8929615       1.38143741E-03
   18.9169102       1.05894567E-03
   18.9408607       4.31406032E-03
   18.9648094       2.10656726E-04
   18.9887581       2.76983436E-03
   19.0127068       2.65447865E-03
   19.0366573       3.39289691E-04
   19.0606060       3.37351183E-03
   19.0845547       3.22104548E-04
   19.1085033       1.96293322E-03
   19.1324539       3.51479952E-03
   19.1564026       5.75874816E-04
   19.1803513       2.11826875E-03
   19.2042999       2.11267080E-03
   19.2282505       2.22898685E-04
   19.2521992       3.21711204E-03
   19.2761478       1.79795572E-03
   19.3000965       4.00305638E-04
   19.3240471       2.73560081E-03
   19.3479958       5.36535634E-04
   19.3719444       6.11666648E-04
   19.3958931       2.05833395E-03
   19.4198437       7.89478421E-04
   19.4437923       2.52664229E-03
   19.4677410       1.49651221E-03
   19.4916916       1.14199275E-03
   19.5156403       3.01482808E-03
   19.5395889       2.53587292E-04
   19.5635376       1.01436011E-03
   19.5874882       3.02605657E-03
   19.6114368       4.66889353E-04
   19.6353855       1.26403081E-03
   19.6593342       1.36941916E-03
   19.6832848       4.71806212E-04
   19.7072334       1.53936702E-03
   19.7311821       5.90328826E-04
   19.7551308       7.74590706E-04
   19.7790813       1.77218497E-03
   19.8030300       1.80396368E-04
   19.8269787       2.53908825E-03
   19.8509274       9.53242707E-04
   19.8748779       2.09519916E-04
   19.8988266       3.60470917E-03
   19.9227753       1.02187623E-03
   19.9467258       1.12734141E-03
   19.9706745       1.22266926E-03
   19.9946232       4.87396464E-04
   20.0185719       2.16685142E-03
   20.0425224       2.89845816E-03
   20.0664711       3.85425228E-04
   20.0904198       1.37465051E-03
   20.1143684       3.25484551E-03
   20.1383190       3.85373452E-04
   20.1622677       2.33452534E-03
   20.1862164       5.26252028E-04
   20.2101650       8.35720566E-04
   20.2341156       2.50862888E-03
   20.2580643       1.41489843E-04
   20.2820129       2.45606643E-03
   20.3059616       7.65907171E-04
   20.3299122       7.87602738E-04
   20.3538609       3.89825320E-03
   20.3778095       1.52853667E-03
   20.4017582       1.82521797E-03
   20.4257088       3.43465409E-03
   20.4496574       1.24646910E-03
   20.4736061       3.13127064E-03
   20.4975567       2.71403813E-03
   20.5215054       1.89951577E-04
   20.5454540       2.71406514E-03
   20.5694027       9.11663170E-04
   20.5933533       5.37295127E-04
   20.6173019       2.34456151E-03
   20.6412506       1.67014514E-04
   20.6651993       1.89692061E-03
   20.6891499       1.43405318E-03
   20.7130985       2.06315890E-04
   20.7370472       2.12241244E-03
   20.7609959       7.71637424E-04
   20.7849464       5.80543536E-04
   20.8088951       3.76005704E-03
   20.8328438       1.92279310E-03
   20.8567924       1.01997028E-03
   20.8807430       5.33087179E-03
   20.9046917       1.17253461E-04
   20.9286404       1.74988783E-03
   20.9525909       1.69276679E-03
   20.9765396       1.24382321E-04
   21.0004883       1.95501978E-03
   21.0244370       1.20333039E-04
   21.0483875       1.45258405E-03
   21.0723362       1.74706453E-03
   21.0962849       3.05745766E-06
   21.1202335       1.75605481E-03
   21.1441841       7.01467507E-04
   21.1681328       2.62566406E-04
   21.1920815       1.57381629E-03
   21.2160301       3.68263805E-04
   21.2399807       1.57914555E-03
   21.2639294       3.39562306E-03
   21.2878780       6.03888533E-04
   21.3118267       1.00396085E-03
   21.3357773       2.01256201E-03
   21.3597260       2.84957023E-05
   21.3836746       1.09532347E-03
   21.4076233       4.82612464E-04
   21.4315739       8.65728289E-05
   21.4555225       1.18133868E-03
   21.4794712       2.08807265E-04
   21.5034218       2.86572031E-04
   21.5273705       9.54606920E-04
   21.5513191       5.80740707E-05
   21.5752678       4.73243184E-04
   21.5992184       8.10207101E-04
   21.6231670       6.10569550E-04
   21.6471157       1.00702723E-03
   21.6710644       1.60579686E-03
   21.6950150       7.09981017E-04
   21.7189636       2.34135613E-03
   21.7429123       1.51380268E-03
   21.7668610       1.93059052E-04
   21.7908115       1.28244143E-03
   21.8147602       1.66435260E-04
   21.8387089       2.01085059E-04
   21.8626575       1.18470367E-03
   21.8866081       8.91885284E-05
   21.9105568       5.34775472E-06
   21.9345055       2.72074831E-04
   21.9584541       2.33817464E-05
   21.9824047       3.61053622E-04
   22.0063534       6.63028564E-04
   22.0303020       1.97033587E-04
   22.0542526       1.38886936E-03
   22.0782013       9.51395370E-04
   22.1021500       6.59967482E-04
   22.1260986       1.00956787E-03
   22.1500492       1.02894817E-04
   22.1739979       6.34347438E-04
   22.1979465       1.82349049E-03
   22.2218952       3.80115598E-05
   22.2458458       3.80085519E-04
   22.2697945       8.53357371E-04
   22.2937431       1.54920082E-04
   22.3176918       1.25090196E-03
   22.3416424       6.55083219E-04
   22.3655910       1.86541423E-04
   22.3895397       2.25218991E-03
   22.4134884       1.30231911E-03
   22.4374390       1.18728756E-04
   22.4613876       4.84098855E-04
   22.4853363       2.30164122E-04
   22.5092869       9.06456029E-04
   22.5332355       4.84051270E-04
   22.5571842       6.54220712E-05
   22.5811329       1.39254099E-03
   22.6050835       7.92443694E-04
   22.6290321       1.57864561E-04
   22.6529808       2.10870476E-03
   22.6769295       9.09079681E-04
   22.7008801       1.85904457E-04
   22.7248287       2.15362199E-03
   22.7487774       9.19667422E-04
   22.7727261       9.01142193E-04
   22.7966766       3.54336621E-03
   22.8206253       4.61117088E-05
   22.8445740       1.56240317E-03
   22.8685226       3.84551589E-04
   22.8924732       6.80251396E-04
   22.9164219       2.73950770E-03
   22.9403706       8.60123546E-05
   22.9643192       1.65925245E-03
   22.9882698       2.87028681E-03
   23.0122185       4.91865212E-04
   23.0361671       2.21348903E-03
   23.0601177       1.85627630E-03
   23.0840664       1.03511126E-03
   23.1080151       3.20736226E-03
   23.1319637       1.86157925E-03
   23.1559143       1.76507654E-03
   23.1798630       2.91356398E-03
   23.2038116       1.11150184E-04
   23.2277603       1.95685378E-03
   23.2517109       2.08894489E-03
   23.2756596       7.73968874E-04
   23.2996082       3.18313134E-03
   23.3235569       7.86603137E-04
   23.3475075       1.38490635E-03
   23.3714561       3.77941178E-03
   23.3954048       1.64729936E-04
   23.4193535       3.07289255E-03
   23.4433041       3.46638868E-03
   23.4672527       4.70931089E-04
   23.4912014       2.57746386E-03
   23.5151520       2.33996008E-03
   23.5391006       7.23126170E-04
   23.5630493       5.57577983E-03
   23.5869980       7.17735384E-04
   23.6109486       1.77106191E-03
   23.6348972       3.23804817E-03
   23.6588459       9.46520322E-06
   23.6827946       3.49050527E-03
   23.7067451       1.09775295E-03
   23.7306938       1.16042967E-03
   23.7546425       2.40030768E-03
   23.7785912       4.17878677E-04
   23.8025417       3.06070363E-03
   23.8264904       1.41206430E-03
   23.8504391       2.82324851E-04
   23.8743877       2.98701762E-03
   23.8983383       3.03318957E-03
   23.9222870       3.20733903E-04
   23.9462357       2.86318595E-03
   23.9701843       1.87759916E-03
   23.9941349       1.13172829E-03
   24.0180836       4.02944116E-03
   24.0420322       2.02621959E-04
   24.0659828       8.31417739E-04
   24.0899315       1.05135748E-03
   24.1138802       1.15240618E-04
   24.1378288       2.45415955E-03
   24.1617794       8.60875225E-05
   24.1857281       7.38050789E-04
   24.2096767       2.40860786E-03
   24.2336254       4.80508985E-04
   24.2575760       1.94387697E-03
   24.2815247       3.45752342E-03
   24.3054733       6.90718764E-04
   24.3294220       3.66481207E-03
   24.3533726       3.45696812E-03
   24.3773212       3.31588933E-04
   24.4012699       3.60354828E-03
   24.4252186       1.05083967E-03
   24.4491692       7.40091607E-04
   24.4731178       1.24535384E-03
   24.4970665       1.96718727E-04
   24.5210171       3.85567872E-03
   24.5449657       1.54057122E-03
   24.5689144       5.08361962E-04
   24.5928631       2.11601495E-03
   24.6168137       3.36280180E-04
   24.6407623       7.75176217E-04
   24.6647110       4.07870859E-03
   24.6886597       1.82276068E-03
   24.7126102       2.90381629E-03
   24.7365589       3.65767605E-03
   24.7605076       2.76673265E-04
   24.7844563       6.23194175E-03
   24.8084068       3.14916461E-03
   24.8323555       1.76974117E-05
   24.8563042       2.11935514E-03
   24.8802528       6.94677510E-05
   24.9042034       3.44373938E-03
   24.9281521       5.17475139E-03
   24.9521008       8.25982075E-04
   24.9760494       1.78280068E-04
   25.0000000       5.53019112E-04
