  0.500000000                  NaN
  0.523949146                  NaN
  0.547898352                  NaN
  0.571847498                  NaN
  0.595796704                  NaN
  0.619745851                  NaN
  0.643694997                  NaN
  0.667644143                  NaN
  0.691593349                  NaN
  0.715542555                  NaN
  0.739491701                  NaN
  0.763440847                  NaN
  0.787389994                  NaN
  0.811339200                  NaN
  0.835288346                  NaN
  0.859237552                  NaN
  0.883186698                  NaN
  0.907135844                  NaN
  0.931085050                  NaN
  0.955034196                  NaN
  0.978983402                  NaN
   1.00293255                  NaN
   1.02688169                  NaN
   1.05083084                  NaN
   1.07477999                  NaN
   1.09872913                  NaN
   1.12267840                  NaN
   1.14662755                  NaN
   1.17057669                  NaN
   1.19452596                  NaN
   1.21847510                  NaN
   1.24242425                  NaN
   1.26637340                  NaN
   1.29032254                  NaN
   1.31427169                  NaN
   1.33822083                  NaN
   1.36217010                  NaN
   1.38611925                  NaN
   1.41006839                  NaN
   1.43401766                  NaN
   1.45796680                  NaN
   1.48191595                  NaN
   1.50586510                  NaN
   1.52981424                  NaN
   1.55376339                  NaN
   1.57771254                  NaN
   1.60166180                  NaN
   1.62561095                  NaN
   1.64956009                  NaN
   1.67350924                  NaN
   1.69745839                  NaN
   1.72140765                  NaN
   1.74535680                  NaN
   1.76930594                  NaN
   1.79325509                  NaN
   1.81720424                  NaN
   1.84115338                  NaN
   1.86510265                  NaN
   1.88905180                  NaN
   1.91300094                  NaN
   1.93695009                  NaN
   1.96089923                  NaN
   1.98484850                  NaN
   2.00879765                  NaN
   2.03274679                  NaN
   2.05669594                  NaN
   2.08064508                  NaN
   2.10459423                  NaN
   2.12854338                  NaN
   2.15249252                  NaN
   2.17644167                  NaN
   2.20039082                  NaN
   2.22434020                  NaN
   2.24828935                  NaN
   2.27223849                  NaN
   2.29618764                  NaN
   2.32013679                  NaN
   2.34408593                  NaN
   2.36803532                  NaN
   2.39198446                  NaN
   2.41593361                  NaN
   2.43988276                  NaN
   2.46383190                  NaN
   2.48778105                  NaN
   2.51173019                  NaN
   2.53567934                  NaN
   2.55962849                  NaN
   2.58357763                  NaN
   2.60752678                  NaN
   2.63147593                  NaN
   2.65542507                  NaN
   2.67937446                  NaN
   2.70332360                  NaN
   2.72727275                  NaN
   2.75122190                  NaN
   2.77517104                  NaN
   2.79912019                  NaN
   2.82306933                  NaN
   2.84701848                  NaN
   2.87096763                  NaN
   2.89491677                  NaN
   2.91886592                  NaN
   2.94281530                  NaN
   2.96676445                  NaN
   2.99071360                  NaN
   3.01466274                  NaN
   3.03861189                  NaN
   3.06256104                  NaN
   3.08651018                  NaN
   3.11045933                  NaN
   3.13440847                  NaN
   3.15835762                  NaN
   3.18230677                  NaN
   3.20625615                  NaN
   3.23020530                  NaN
   3.25415444                  NaN
   3.27810359                  NaN
   3.30205274                  NaN
   3.32600188                  NaN
   3.34995103                  NaN
   3.37390018                  NaN
   3.39784932                  NaN
   3.42179847                  NaN
   3.44574785                  NaN
   3.46969700                  NaN
   3.49364614                  NaN
   3.51759529                  NaN
   3.54154444                  NaN
   3.56549358                  NaN
   3.58944273                  NaN
   3.61339188                  NaN
   3.63734102                  NaN
   3.66129017                  NaN
   3.68523932                  NaN
   3.70918870                  NaN
   3.73313785                  NaN
   3.75708699                  NaN
   3.78103614                  NaN
   3.80498528                  NaN
   3.82893443                  NaN
   3.85288358                  NaN
   3.87683272                  NaN
   3.90078187                  NaN
   3.92473102                  NaN
   3.94868040                  NaN
   3.97262955                  NaN
   3.99657869                  NaN
   4.02052784                  NaN
   4.04447699                  NaN
   4.06842613                  NaN
   4.09237528                  NaN
   4.11632442                  NaN
   4.14027357                  NaN
   4.16422272                  NaN
   4.18817186                  NaN
   4.21212101                  NaN
   4.23607063                  NaN
   4.26001930                  NaN
   4.28396893                  NaN
   4.30791759                  NaN
   4.33186722                  NaN
   4.35581589                  NaN
   4.37976551                  NaN
   4.40371418                  NaN
   4.42766380                  NaN
   4.45161247                  NaN
   4.47556210                  NaN
   4.49951124                  NaN
   4.52346039                  NaN
   4.54740953                  NaN
   4.57135868                  NaN
   4.59530783                  NaN
   4.61925697                  NaN
   4.64320612                  NaN
   4.66715527                  NaN
   4.69110441                  NaN
   4.71505356                  NaN
   4.73900270                  NaN
   4.76295185                  NaN
   4.78690100                  NaN
   4.81085014                  NaN
   4.83479929                  NaN
   4.85874891                  NaN
   4.88269806                  NaN
   4.90664721                  NaN
   4.93059635                  NaN
   4.95454550                  NaN
   4.97849464                  NaN
   5.00244379                  NaN
   5.02639294                  NaN
   5.05034208                  NaN
   5.07429123                  NaN
   5.09824038                  NaN
   5.12218952                  NaN
   5.14613867                  NaN
   5.17008781                  NaN
   5.19403696                  NaN
   5.21798611                  NaN
   5.24193525                  NaN
   5.26588440                  NaN
   5.28983355                  NaN
   5.31378269                  NaN
   5.33773184                  NaN
   5.36168146                  NaN
   5.38563061                  NaN
   5.40957975                  NaN
   5.43352890                  NaN
   5.45747805                  NaN
   5.48142719                  NaN
   5.50537634                  NaN
   5.52932549                  NaN
   5.55327463                  NaN
   5.57722378                  NaN
   5.60117292                  NaN
   5.62512207                  NaN
   5.64907122                  NaN
   5.67302036                  NaN
   5.69696951                  NaN
   5.72091866                  NaN
   5.74486780                  NaN
   5.76881695                  NaN
   5.79276609                  NaN
   5.81671524                  NaN
   5.84066439                  NaN
   5.86461353                  NaN
   5.88856316                  NaN
   5.91251230                  NaN
   5.93646145                  NaN
   5.96041059                  NaN
   5.98435974                  NaN
   6.00830889                  NaN
   6.03225803                  NaN
   6.05620718                  NaN
   6.08015633                  NaN
   6.10410547                  NaN
   6.12805462                  NaN
   6.15200377                  NaN
   6.17595291                  NaN
   6.19990206                  NaN
   6.22385120                  NaN
   6.24780035                  NaN
   6.27174950                  NaN
   6.29569864                  NaN
   6.31964779                  NaN
   6.34359694                  NaN
   6.36754608                  NaN
   6.39149570                  NaN
   6.41544485                  NaN
   6.43939400                  NaN
   6.46334314                  NaN
   6.48729229                  NaN
   6.51124144                  NaN
   6.53519058                  NaN
   6.55913973                  NaN
   6.58308887                  NaN
   6.60703802                  NaN
   6.63098717                  NaN
   6.65493631                  NaN
   6.67888546                  NaN
   6.70283461                  NaN
   6.72678375                  NaN
   6.75073290                  NaN
   6.77468204                  NaN
   6.79863119                  NaN
   6.82258034                  NaN
   6.84652948                  NaN
   6.87047863                  NaN
   6.89442825                  NaN
   6.91837740                  NaN
   6.94232655                  NaN
   6.96627569                  NaN
   6.99022484                  NaN
   7.01417398                  NaN
   7.03812313                  NaN
   7.06207228                  NaN
   7.08602142                  NaN
   7.10997057                  NaN
   7.13391972                  NaN
   7.15786886                  NaN
   7.18181801                  NaN
   7.20576715                  NaN
   7.22971630                  NaN
   7.25366545                  NaN
   7.27761459                  NaN
   7.30156374                  NaN
   7.32551289                  NaN
   7.34946203                  NaN
   7.37341118                  NaN
   7.39736080                  NaN
   7.42130995                  NaN
   7.44525909                  NaN
   7.46920824                  NaN
   7.49315739                  NaN
   7.51710653                  NaN
   7.54105568                  NaN
   7.56500483                  NaN
   7.58895397                  NaN
   7.61290312                  NaN
   7.63685226                  NaN
   7.66080141                  NaN
   7.68475056                  NaN
   7.70869970                  NaN
   7.73264885                  NaN
   7.75659800                  NaN
   7.78054714                  NaN
   7.80449629                  NaN
   7.82844543                  NaN
   7.85239458                  NaN
   7.87634373                  NaN
   7.90029287                  NaN
   7.92424250                  NaN
   7.94819164                  NaN
   7.97214079                  NaN
   7.99608994                  NaN
   8.02003860                  NaN
   8.04398823                  NaN
   8.06793785                  NaN
   8.09188652                  NaN
   8.11583519                  NaN
   8.13978481                  NaN
   8.16373444                  NaN
   8.18768311                  NaN
   8.21163177                  NaN
   8.23558140                  NaN
   8.25953102                  NaN
   8.28347969                  NaN
   8.30742836                  NaN
   8.33137798                  NaN
   8.35532761                  NaN
   8.37927628                  NaN
   8.40322495                  NaN
   8.42717552                  NaN
   8.45112419                  NaN
   8.47507286                  NaN
   8.49902248                  NaN
   8.52297115                  NaN
   8.54692078                  NaN
   8.57086945                  NaN
   8.59481907                  NaN
   8.61876774                  NaN
   8.64271736                  NaN
   8.66666603                  NaN
   8.69061565                  NaN
   8.71456528                  NaN
   8.73851395                  NaN
   8.76246357                  NaN
   8.78641224                  NaN
   8.81036186                  NaN
   8.83431053                  NaN
   8.85826015                  NaN
   8.88220882                  NaN
   8.90615845                  NaN
   8.93010712                  NaN
   8.95405674                  NaN
   8.97800541                  NaN
   9.00195503                  NaN
   9.02590370                  NaN
   9.04985332                  NaN
   9.07380199                  NaN
   9.09775162                  NaN
   9.12170029                  NaN
   9.14564991                  NaN
   9.16959858                  NaN
   9.19354820                  NaN
   9.21749783                  NaN
   9.24144650                  NaN
   9.26539612                  NaN
   9.28934479                  NaN
   9.31329441                  NaN
   9.33724308                  NaN
   9.36119270                  NaN
   9.38514137                  NaN
   9.40909100                  NaN
   9.43303967                  NaN
   9.45698929                  NaN
   9.48093796                  NaN
   9.50488758                  NaN
   9.52883625                  NaN
   9.55278587                  NaN
   9.57673454                  NaN
   9.60068417                  NaN
   9.62463284                  NaN
   9.64858246                  NaN
   9.67253113                  NaN
   9.69648075                  NaN
   9.72043037                  NaN
   9.74437904                  NaN
   9.76832867                  NaN
   9.79227734                  NaN
   9.81622696                  NaN
   9.84017563                  NaN
   9.86412525                  NaN
   9.88807392                  NaN
   9.91202354                  NaN
   9.93597221                  NaN
   9.95992184                  NaN
   9.98387051                  NaN
   10.0078201                  NaN
   10.0317688                  NaN
   10.0557184                  NaN
   10.0796671                  NaN
   10.1036167                  NaN
   10.1275654                  NaN
   10.1515150                  NaN
   10.1754637                  NaN
   10.1994133                  NaN
   10.2233629                  NaN
   10.2473116                  NaN
   10.2712612                  NaN
   10.2952099                  NaN
   10.3191595                  NaN
   10.3431082                  NaN
   10.3670578                  NaN
   10.3910065                  NaN
   10.4149561                  NaN
   10.4389048                  NaN
   10.4628544                  NaN
   10.4868031                  NaN
   10.5107527                  NaN
   10.5347013                  NaN
   10.5586510                  NaN
   10.5825996                  NaN
   10.6065493                  NaN
   10.6304979                  NaN
   10.6544476                  NaN
   10.6783962                  NaN
   10.7023458                  NaN
   10.7262955                  NaN
   10.7502441                  NaN
   10.7741938                  NaN
   10.7981424                  NaN
   10.8220921                  NaN
   10.8460407                  NaN
   10.8699903                  NaN
   10.8939390                  NaN
   10.9178886                  NaN
   10.9418373                  NaN
   10.9657869                  NaN
   10.9897356                  NaN
   11.0136852                  NaN
   11.0376339                  NaN
   11.0615835                  NaN
   11.0855322                  NaN
   11.1094818                  NaN
   11.1334305                  NaN
   11.1573801                  NaN
   11.1813288                  NaN
   11.2052784                  NaN
   11.2292271                  NaN
   11.2531767                  NaN
   11.2771263                  NaN
   11.3010750                  NaN
   11.3250246                  NaN
   11.3489733                  NaN
   11.3729229                  NaN
   11.3968716                  NaN
   11.4208212                  NaN
   11.4447699                  NaN
   11.4687195                  NaN
   11.4926682                  NaN
   11.5166178                  NaN
   11.5405664                  NaN
   11.5645161                  NaN
   11.5884647                  NaN
   11.6124144                  NaN
   11.6363630                  NaN
   11.6603127                  NaN
   11.6842613                  NaN
   11.7082109                  NaN
   11.7321596                  NaN
   11.7561092                  NaN
   11.7800589                  NaN
   11.8040075                  NaN
   11.8279572                  NaN
   11.8519058                  NaN
   11.8758554                  NaN
   11.8998041                  NaN
   11.9237537                  NaN
   11.9477024                  NaN
   11.9716520                  NaN
   11.9956007                  NaN
   12.0195503                  NaN
   12.0434990                  NaN
   12.0674486                  NaN
   12.0913973                  NaN
   12.1153469                  NaN
   12.1392956                  NaN
   12.1632452                  NaN
   12.1871939                  NaN
   12.2111435                  NaN
   12.2350922                  NaN
   12.2590418                  NaN
   12.2829914                  NaN
   12.3069401                  NaN
   12.3308897                  NaN
   12.3548384                  NaN
   12.3787880                  NaN
   12.4027367                  NaN
   12.4266863                  NaN
   12.4506350                  NaN
   12.4745846                  NaN
   12.4985332                  NaN
   12.5224829                  NaN
   12.5464315                  NaN
   12.5703812                  NaN
   12.5943298                  NaN
   12.6182795                  NaN
   12.6422281                  NaN
   12.6661777                  NaN
   12.6901264                  NaN
   12.7140760                  NaN
   12.7380247                  NaN
   12.7619743                  NaN
   12.7859240                  NaN
   12.8098726                  NaN
   12.8338223                  NaN
   12.8577709                  NaN
   12.8817205                  NaN
   12.9056692                  NaN
   12.9296188                  NaN
   12.9535675                  NaN
   12.9775171                  NaN
   13.0014658                  NaN
   13.0254154                  NaN
   13.0493641                  NaN
   13.0733137                  NaN
   13.0972624                  NaN
   13.1212120                  NaN
   13.1451607                  NaN
   13.1691103                  NaN
   13.1930590                  NaN
   13.2170086                  NaN
   13.2409573                  NaN
   13.2649069                  NaN
   13.2888565                  NaN
   13.3128052                  NaN
   13.3367548                  NaN
   13.3607035                  NaN
   13.3846531                  NaN
   13.4086018                  NaN
   13.4325514                  NaN
   13.4565001                  NaN
   13.4804497                  NaN
   13.5043983                  NaN
   13.5283480                  NaN
   13.5522966                  NaN
   13.5762463                  NaN
   13.6001949                  NaN
   13.6241446                  NaN
   13.6480932                  NaN
   13.6720428                  NaN
   13.6959915                  NaN
   13.7199411                  NaN
   13.7438898                  NaN
   13.7678394                  NaN
   13.7917891                  NaN
   13.8157377                  NaN
   13.8396873                  NaN
   13.8636360                  NaN
   13.8875856                  NaN
   13.9115343                  NaN
   13.9354839                  NaN
   13.9594326                  NaN
   13.9833822                  NaN
   14.0073309                  NaN
   14.0312805                  NaN
   14.0552292                  NaN
   14.0791788                  NaN
   14.1031275                  NaN
   14.1270771                  NaN
   14.1510258                  NaN
   14.1749754                  NaN
   14.1989241                  NaN
   14.2228737                  NaN
   14.2468224                  NaN
   14.2707720                  NaN
   14.2947216                  NaN
   14.3186703                  NaN
   14.3426199                  NaN
   14.3665686                  NaN
   14.3905182                  NaN
   14.4144669                  NaN
   14.4384165                  NaN
   14.4623652                  NaN
   14.4863148                  NaN
   14.5102634                  NaN
   14.5342131                  NaN
   14.5581617                  NaN
   14.5821114                  NaN
   14.6060600                  NaN
   14.6300097                  NaN
   14.6539583                  NaN
   14.6779079                  NaN
   14.7018566                  NaN
   14.7258062                  NaN
   14.7497549                  NaN
   14.7737045                  NaN
   14.7976532                  NaN
   14.8216028                  NaN
   14.8455524                  NaN
   14.8695011                  NaN
   14.8934507                  NaN
   14.9173994                  NaN
   14.9413490                  NaN
   14.9652977                  NaN
   14.9892473                  NaN
   15.0131960                  NaN
   15.0371456                  NaN
   15.0610943                  NaN
   15.0850439                  NaN
   15.1089926                  NaN
   15.1329422                  NaN
   15.1568909                  NaN
   15.1808405                  NaN
   15.2047892                  NaN
   15.2287388                  NaN
   15.2526875                  NaN
   15.2766371                  NaN
   15.3005857                  NaN
   15.3245354                  NaN
   15.3484850                  NaN
   15.3724337                  NaN
   15.3963833                  NaN
   15.4203320                  NaN
   15.4442816                  NaN
   15.4682302                  NaN
   15.4921799                  NaN
   15.5161285                  NaN
   15.5400782                  NaN
   15.5640268                  NaN
   15.5879765                  NaN
   15.6119251                  NaN
   15.6358747                  NaN
   15.6598234                  NaN
   15.6837730                  NaN
   15.7077217                  NaN
   15.7316713                  NaN
   15.7556200                  NaN
   15.7795696                  NaN
   15.8035183                  NaN
   15.8274679                  NaN
   15.8514175                  NaN
   15.8753662                  NaN
   15.8993158                  NaN
   15.9232645                  NaN
   15.9472141                  NaN
   15.9711628                  NaN
   15.9951124                  NaN
   16.0190620                  NaN
   16.0430107                  NaN
   16.0669594                  NaN
   16.0909081                  NaN
   16.1148567                  NaN
   16.1388073                  NaN
   16.1627560                  NaN
   16.1867065                  NaN
   16.2106552                  NaN
   16.2346039                  NaN
   16.2585526                  NaN
   16.2825012                  NaN
   16.3064499                  NaN
   16.3304005                  NaN
   16.3543510                  NaN
   16.3782997                  NaN
   16.4022484                  NaN
   16.4261971                  NaN
   16.4501457                  NaN
   16.4740944                  NaN
   16.4980450                  NaN
   16.5219936                  NaN
   16.5459423                  NaN
   16.5698929                  NaN
   16.5938416                  NaN
   16.6177902                  NaN
   16.6417389                  NaN
   16.6656895                  NaN
   16.6896381                  NaN
   16.7135868                  NaN
   16.7375355                  NaN
   16.7614861                  NaN
   16.7854347                  NaN
   16.8093834                  NaN
   16.8333321                  NaN
   16.8572826                  NaN
   16.8812313                  NaN
   16.9051800                  NaN
   16.9291306                  NaN
   16.9530792                  NaN
   16.9770279                  NaN
   17.0009766                  NaN
   17.0249271                  NaN
   17.0488758                  NaN
   17.0728245                  NaN
   17.0967731                  NaN
   17.1207237                  NaN
   17.1446724                  NaN
   17.1686211                  NaN
   17.1925697                  NaN
   17.2165203                  NaN
   17.2404690                  NaN
   17.2644176                  NaN
   17.2883663                  NaN
   17.3123169                  NaN
   17.3362656                  NaN
   17.3602142                  NaN
   17.3841648                  NaN
   17.4081135                  NaN
   17.4320621                  NaN
   17.4560108                  NaN
   17.4799614                  NaN
   17.5039101                  NaN
   17.5278587                  NaN
   17.5518074                  NaN
   17.5757580                  NaN
   17.5997066                  NaN
   17.6236553                  NaN
   17.6476040                  NaN
   17.6715546                  NaN
   17.6955032                  NaN
   17.7194519                  NaN
   17.7434006                  NaN
   17.7673512                  NaN
   17.7912998                  NaN
   17.8152485                  NaN
   17.8391972                  NaN
   17.8631477                  NaN
   17.8870964                  NaN
   17.9110451                  NaN
   17.9349957                  NaN
   17.9589443                  NaN
   17.9828930                  NaN
   18.0068417                  NaN
   18.0307922                  NaN
   18.0547409                  NaN
   18.0786896                  NaN
   18.1026382                  NaN
   18.1265888                  NaN
   18.1505375                  NaN
   18.1744862                  NaN
   18.1984348                  NaN
   18.2223854                  NaN
   18.2463341                  NaN
   18.2702827                  NaN
   18.2942314                  NaN
   18.3181820                  NaN
   18.3421307                  NaN
   18.3660793                  NaN
   18.3900299                  NaN
   18.4139786                  NaN
   18.4379272                  NaN
   18.4618759                  NaN
   18.4858265                  NaN
   18.5097752                  NaN
   18.5337238                  NaN
   18.5576725                  NaN
   18.5816231                  NaN
   18.6055717                  NaN
   18.6295204                  NaN
   18.6534691                  NaN
   18.6774197                  NaN
   18.7013683                  NaN
   18.7253170                  NaN
   18.7492657                  NaN
   18.7732162                  NaN
   18.7971649                  NaN
   18.8211136                  NaN
   18.8450623                  NaN
   18.8690128                  NaN
   18.8929615                  NaN
   18.9169102                  NaN
   18.9408607                  NaN
   18.9648094                  NaN
   18.9887581                  NaN
   19.0127068                  NaN
   19.0366573                  NaN
   19.0606060                  NaN
   19.0845547                  NaN
   19.1085033                  NaN
   19.1324539                  NaN
   19.1564026                  NaN
   19.1803513                  NaN
   19.2042999                  NaN
   19.2282505                  NaN
   19.2521992                  NaN
   19.2761478                  NaN
   19.3000965                  NaN
   19.3240471                  NaN
   19.3479958                  NaN
   19.3719444                  NaN
   19.3958931                  NaN
   19.4198437                  NaN
   19.4437923                  NaN
   19.4677410                  NaN
   19.4916916                  NaN
   19.5156403                  NaN
   19.5395889                  NaN
   19.5635376                  NaN
   19.5874882                  NaN
   19.6114368                  NaN
   19.6353855                  NaN
   19.6593342                  NaN
   19.6832848                  NaN
   19.7072334                  NaN
   19.7311821                  NaN
   19.7551308                  NaN
   19.7790813                  NaN
   19.8030300                  NaN
   19.8269787                  NaN
   19.8509274                  NaN
   19.8748779                  NaN
   19.8988266                  NaN
   19.9227753                  NaN
   19.9467258                  NaN
   19.9706745                  NaN
   19.9946232                  NaN
   20.0185719                  NaN
   20.0425224                  NaN
   20.0664711                  NaN
   20.0904198                  NaN
   20.1143684                  NaN
   20.1383190                  NaN
   20.1622677                  NaN
   20.1862164                  NaN
   20.2101650                  NaN
   20.2341156                  NaN
   20.2580643                  NaN
   20.2820129                  NaN
   20.3059616                  NaN
   20.3299122                  NaN
   20.3538609                  NaN
   20.3778095                  NaN
   20.4017582                  NaN
   20.4257088                  NaN
   20.4496574                  NaN
   20.4736061                  NaN
   20.4975567                  NaN
   20.5215054                  NaN
   20.5454540                  NaN
   20.5694027                  NaN
   20.5933533                  NaN
   20.6173019                  NaN
   20.6412506                  NaN
   20.6651993                  NaN
   20.6891499                  NaN
   20.7130985                  NaN
   20.7370472                  NaN
   20.7609959                  NaN
   20.7849464                  NaN
   20.8088951                  NaN
   20.8328438                  NaN
   20.8567924                  NaN
   20.8807430                  NaN
   20.9046917                  NaN
   20.9286404                  NaN
   20.9525909                  NaN
   20.9765396                  NaN
   21.0004883                  NaN
   21.0244370                  NaN
   21.0483875                  NaN
   21.0723362                  NaN
   21.0962849                  NaN
   21.1202335                  NaN
   21.1441841                  NaN
   21.1681328                  NaN
   21.1920815                  NaN
   21.2160301                  NaN
   21.2399807                  NaN
   21.2639294                  NaN
   21.2878780                  NaN
   21.3118267                  NaN
   21.3357773                  NaN
   21.3597260                  NaN
   21.3836746                  NaN
   21.4076233                  NaN
   21.4315739                  NaN
   21.4555225                  NaN
   21.4794712                  NaN
   21.5034218                  NaN
   21.5273705                  NaN
   21.5513191                  NaN
   21.5752678                  NaN
   21.5992184                  NaN
   21.6231670                  NaN
   21.6471157                  NaN
   21.6710644                  NaN
   21.6950150                  NaN
   21.7189636                  NaN
   21.7429123                  NaN
   21.7668610                  NaN
   21.7908115                  NaN
   21.8147602                  NaN
   21.8387089                  NaN
   21.8626575                  NaN
   21.8866081                  NaN
   21.9105568                  NaN
   21.9345055                  NaN
   21.9584541                  NaN
   21.9824047                  NaN
   22.0063534                  NaN
   22.0303020                  NaN
   22.0542526                  NaN
   22.0782013                  NaN
   22.1021500                  NaN
   22.1260986                  NaN
   22.1500492                  NaN
   22.1739979                  NaN
   22.1979465                  NaN
   22.2218952                  NaN
   22.2458458                  NaN
   22.2697945                  NaN
   22.2937431                  NaN
   22.3176918                  NaN
   22.3416424                  NaN
   22.3655910                  NaN
   22.3895397                  NaN
   22.4134884                  NaN
   22.4374390                  NaN
   22.4613876                  NaN
   22.4853363                  NaN
   22.5092869                  NaN
   22.5332355                  NaN
   22.5571842                  NaN
   22.5811329                  NaN
   22.6050835                  NaN
   22.6290321                  NaN
   22.6529808                  NaN
   22.6769295                  NaN
   22.7008801                  NaN
   22.7248287                  NaN
   22.7487774                  NaN
   22.7727261                  NaN
   22.7966766                  NaN
   22.8206253                  NaN
   22.8445740                  NaN
   22.8685226                  NaN
   22.8924732                  NaN
   22.9164219                  NaN
   22.9403706                  NaN
   22.9643192                  NaN
   22.9882698                  NaN
   23.0122185                  NaN
   23.0361671                  NaN
   23.0601177                  NaN
   23.0840664                  NaN
   23.1080151                  NaN
   23.1319637                  NaN
   23.1559143                  NaN
   23.1798630                  NaN
   23.2038116                  NaN
   23.2277603                  NaN
   23.2517109                  NaN
   23.2756596                  NaN
   23.2996082                  NaN
   23.3235569                  NaN
   23.3475075                  NaN
   23.3714561                  NaN
   23.3954048                  NaN
   23.4193535                  NaN
   23.4433041                  NaN
   23.4672527                  NaN
   23.4912014                  NaN
   23.5151520                  NaN
   23.5391006                  NaN
   23.5630493                  NaN
   23.5869980                  NaN
   23.6109486                  NaN
   23.6348972                  NaN
   23.6588459                  NaN
   23.6827946                  NaN
   23.7067451                  NaN
   23.7306938                  NaN
   23.7546425                  NaN
   23.7785912                  NaN
   23.8025417                  NaN
   23.8264904                  NaN
   23.8504391                  NaN
   23.8743877                  NaN
   23.8983383                  NaN
   23.9222870                  NaN
   23.9462357                  NaN
   23.9701843                  NaN
   23.9941349                  NaN
   24.0180836                  NaN
   24.0420322                  NaN
   24.0659828                  NaN
   24.0899315                  NaN
   24.1138802                  NaN
   24.1378288                  NaN
   24.1617794                  NaN
   24.1857281                  NaN
   24.2096767                  NaN
   24.2336254                  NaN
   24.2575760                  NaN
   24.2815247                  NaN
   24.3054733                  NaN
   24.3294220                  NaN
   24.3533726                  NaN
   24.3773212                  NaN
   24.4012699                  NaN
   24.4252186                  NaN
   24.4491692                  NaN
   24.4731178                  NaN
   24.4970665                  NaN
   24.5210171                  NaN
   24.5449657                  NaN
   24.5689144                  NaN
   24.5928631                  NaN
   24.6168137                  NaN
   24.6407623                  NaN
   24.6647110                  NaN
   24.6886597                  NaN
   24.7126102                  NaN
   24.7365589                  NaN
   24.7605076                  NaN
   24.7844563                  NaN
   24.8084068                  NaN
   24.8323555                  NaN
   24.8563042                  NaN
   24.8802528                  NaN
   24.9042034                  NaN
   24.9281521                  NaN
   24.9521008                  NaN
   24.9760494                  NaN
   25.0000000                  NaN
