  0.500000000       5.63051144E-04
  0.523949146       9.01179679E-04
  0.547898352       2.66895688E-04
  0.571847498       1.97407382E-04
  0.595796704       8.04245705E-04
  0.619745851       3.34655269E-05
  0.643694997       5.26025135E-04
  0.667644143       4.14522918E-04
  0.691593349       1.69361985E-04
  0.715542555       1.26429531E-03
  0.739491701       3.47691297E-04
  0.763440847       1.84079065E-04
  0.787389994       3.09335854E-04
  0.811339200       8.67833569E-06
  0.835288346       3.41693376E-04
  0.859237552       4.29545646E-04
  0.883186698       2.19553316E-04
  0.907135844       5.12604311E-04
  0.931085050       5.20201051E-04
  0.955034196       3.51353083E-05
  0.978983402       3.65137326E-04
   1.00293255       8.41295623E-05
   1.02688169       2.26532778E-04
   1.05083084       5.58011117E-04
   1.07477999       2.39823945E-04
   1.09872913       1.96206565E-05
   1.12267840       9.58086894E-05
   1.14662755       6.89604145E-04
   1.17057669       9.10851988E-04
   1.19452596       6.59108569E-04
   1.21847510       1.16213705E-04
   1.24242425       2.34947602E-05
   1.26637340       4.34071058E-04
   1.29032254       1.10353774E-03
   1.31427169       1.30385952E-03
   1.33822083       5.56921994E-04
   1.36217010       1.88028062E-05
   1.38611925       2.05414777E-04
   1.41006839       1.95924455E-04
   1.43401766       7.78968271E-04
   1.45796680       3.24051594E-04
   1.48191595       8.09706617E-05
   1.50586510       2.79094354E-04
   1.52981424       2.48442011E-05
   1.55376339       3.47261812E-04
   1.57771254       2.24405463E-04
   1.60166180       4.31207809E-05
   1.62561095       2.79706990E-04
   1.64956009       9.46662403E-05
   1.67350924       6.50972535E-04
   1.69745839       9.33428702E-04
   1.72140765       4.57602902E-04
   1.74535680       3.48625472E-04
   1.76930594       2.50372195E-05
   1.79325509       8.54451355E-05
   1.81720424       4.87213896E-04
   1.84115338       1.57051385E-04
   1.86510265       7.97224129E-06
   1.88905180       1.70816755E-04
   1.91300094       3.11326789E-04
   1.93695009       7.71084276E-04
   1.96089923       7.18484749E-04
   1.98484850       5.04556927E-04
   2.00879765       4.26758954E-04
   2.03274679       5.68704272E-04
   2.05669594       1.82934804E-04
   2.08064508       5.21858339E-04
   2.10459423       1.22695536E-04
   2.12854338       6.80987490E-04
   2.15249252       6.63044164E-04
   2.17644167       3.07868380E-04
   2.20039082       3.15717160E-04
   2.22434020       9.38129087E-05
   2.24828935       2.49016535E-04
   2.27223849       7.13245012E-04
   2.29618764       1.71372108E-03
   2.32013679       7.30860163E-04
   2.34408593       6.15564059E-04
   2.36803532       4.92256600E-04
   2.39198446       6.78950571E-04
   2.41593361       1.52838626E-03
   2.43988276       1.26828533E-03
   2.46383190       1.37840258E-03
   2.48778105       2.00595474E-03
   2.51173019       1.26136094E-03
   2.53567934       2.30401917E-03
   2.55962849       1.73842476E-03
   2.58357763       1.23345561E-03
   2.60752678       7.60521041E-04
   2.63147593       2.82498542E-04
   2.65542507       7.02077756E-04
   2.67937446       1.25452178E-03
   2.70332360       1.63469906E-03
   2.72727275       8.98550614E-04
   2.75122190       5.96016936E-04
   2.77517104       4.92994557E-04
   2.79912019       8.27462820E-04
   2.82306933       2.30525038E-03
   2.84701848       1.52141426E-03
   2.87096763       1.15673686E-03
   2.89491677       1.81544898E-03
   2.91886592       2.64903298E-03
   2.94281530       4.25527012E-03
   2.96676445       3.86894215E-03
   2.99071360       4.38591465E-03
   3.01466274       2.55257031E-03
   3.03861189       2.22686073E-03
   3.06256104       1.68732833E-03
   3.08651018       7.66806013E-04
   3.11045933       1.61099178E-03
   3.13440847       2.13100878E-03
   3.15835762       2.96681304E-03
   3.18230677       4.47342731E-03
   3.20625615       3.38129280E-03
   3.23020530       4.23271488E-03
   3.25415444       3.21051246E-03
   3.27810359       4.42760624E-03
   3.30205274       6.08990714E-03
   3.32600188       4.72977664E-03
   3.34995103       4.86566732E-03
   3.37390018       6.43206341E-03
   3.39784932       1.03346482E-02
   3.42179847       1.14550637E-02
   3.44574785       9.98987816E-03
   3.46969700       7.57847400E-03
   3.49364614       1.08499657E-02
   3.51759529       1.51206506E-02
   3.54154444       1.86024439E-02
   3.56549358       1.53557761E-02
   3.58944273       1.26560908E-02
   3.61339188       1.17727341E-02
   3.63734102       1.64643209E-02
   3.66129017       2.22752020E-02
   3.68523932       2.19122767E-02
   3.70918870       1.93140078E-02
   3.73313785       1.76901519E-02
   3.75708699       1.83474682E-02
   3.78103614       2.76876390E-02
   3.80498528       2.89914589E-02
   3.82893443       2.67869271E-02
   3.85288358       2.39965450E-02
   3.87683272       2.46680379E-02
   3.90078187       3.61766852E-02
   3.92473102       4.13902923E-02
   3.94868040       4.02039699E-02
   3.97262955       3.61012444E-02
   3.99657869       3.44595164E-02
   4.02052784       4.24082577E-02
   4.04447699       5.18418029E-02
   4.06842613       5.50890006E-02
   4.09237528       5.00063300E-02
   4.11632442       4.21406738E-02
   4.14027357       4.40177321E-02
   4.16422272       5.74880540E-02
   4.18817186       6.93412423E-02
   4.21212101       6.73852116E-02
   4.23607063       5.87979555E-02
   4.26001930       5.82531542E-02
   4.28396893       7.32507557E-02
   4.30791759       7.87141547E-02
   4.33186722       8.03184360E-02
   4.35581589       7.27400854E-02
   4.37976551       6.95376247E-02
   4.40371418       8.23002011E-02
   4.42766380       9.63823050E-02
   4.45161247      0.104807749    
   4.47556210       9.87501144E-02
   4.49951124       8.30915794E-02
   4.52346039       9.11910534E-02
   4.54740953      0.103218243    
   4.57135868      0.114785641    
   4.59530783      0.120996393    
   4.61925697      0.100638516    
   4.64320612      0.106408365    
   4.66715527      0.115461752    
   4.69110441      0.131032184    
   4.71505356      0.141333148    
   4.73900270      0.129945338    
   4.76295185      0.134551674    
   4.78690100      0.147309959    
   4.81085014      0.176624626    
   4.83479929      0.192012280    
   4.85874891      0.179919466    
   4.88269806      0.177487969    
   4.90664721      0.177458644    
   4.93059635      0.198296636    
   4.95454550      0.220843330    
   4.97849464      0.219846472    
   5.00244379      0.211047739    
   5.02639294      0.217456892    
   5.05034208      0.237738088    
   5.07429123      0.268693268    
   5.09824038      0.277451664    
   5.12218952      0.259847730    
   5.14613867      0.251530051    
   5.17008781      0.271925390    
   5.19403696      0.283197433    
   5.21798611      0.318290263    
   5.24193525      0.320699066    
   5.26588440      0.302663386    
   5.28983355      0.339903474    
   5.31378269      0.330628216    
   5.33773184      0.362990707    
   5.36168146      0.371415317    
   5.38563061      0.354139268    
   5.40957975      0.372335017    
   5.43352890      0.372623175    
   5.45747805      0.412127733    
   5.48142719      0.436826825    
   5.50537634      0.428950638    
   5.52932549      0.435694188    
   5.55327463      0.423617810    
   5.57722378      0.450465024    
   5.60117292      0.454037815    
   5.62512207      0.450038552    
   5.64907122      0.454977632    
   5.67302036      0.448855162    
   5.69696951      0.472040653    
   5.72091866      0.487359434    
   5.74486780      0.502982616    
   5.76881695      0.515124857    
   5.79276609      0.496450901    
   5.81671524      0.505640030    
   5.84066439      0.511502028    
   5.86461353      0.543002188    
   5.88856316      0.541368306    
   5.91251230      0.546750307    
   5.93646145      0.551386297    
   5.96041059      0.534246087    
   5.98435974      0.548242331    
   6.00830889      0.509641767    
   6.03225803      0.505443990    
   6.05620718      0.488622189    
   6.08015633      0.480539948    
   6.10410547      0.504085004    
   6.12805462      0.497925043    
   6.15200377      0.504649639    
   6.17595291      0.500812888    
   6.19990206      0.476297528    
   6.22385120      0.497807384    
   6.24780035      0.496327966    
   6.27174950      0.478665292    
   6.29569864      0.466896087    
   6.31964779      0.450099468    
   6.34359694      0.457056254    
   6.36754608      0.471709132    
   6.39149570      0.461439401    
   6.41544485      0.450229526    
   6.43939400      0.433741570    
   6.46334314      0.434098721    
   6.48729229      0.421225160    
   6.51124144      0.408051699    
   6.53519058      0.396217316    
   6.55913973      0.377103239    
   6.58308887      0.361162663    
   6.60703802      0.369704664    
   6.63098717      0.364178658    
   6.65493631      0.354042292    
   6.67888546      0.327260643    
   6.70283461      0.303773046    
   6.72678375      0.304328740    
   6.75073290      0.288399100    
   6.77468204      0.292914271    
   6.79863119      0.275422573    
   6.82258034      0.264517307    
   6.84652948      0.258232057    
   6.87047863      0.243280411    
   6.89442825      0.236447245    
   6.91837740      0.229983032    
   6.94232655      0.218867138    
   6.96627569      0.206466913    
   6.99022484      0.201301694    
   7.01417398      0.199729413    
   7.03812313      0.187787130    
   7.06207228      0.178494379    
   7.08602142      0.160788491    
   7.10997057      0.155534387    
   7.13391972      0.150103986    
   7.15786886      0.143401951    
   7.18181801      0.143538952    
   7.20576715      0.135993510    
   7.22971630      0.133065835    
   7.25366545      0.125902623    
   7.27761459      0.101443850    
   7.30156374      0.107542694    
   7.32551289       9.54515338E-02
   7.34946203       8.87255520E-02
   7.37341118       8.74928460E-02
   7.39736080       7.17464462E-02
   7.42130995       7.65947551E-02
   7.44525909       6.85608461E-02
   7.46920824       6.39638156E-02
   7.49315739       6.50950894E-02
   7.51710653       5.64056970E-02
   7.54105568       5.78165203E-02
   7.56500483       5.65373302E-02
   7.58895397       5.16640544E-02
   7.61290312       5.23515493E-02
   7.63685226       3.97223234E-02
   7.66080141       3.91134322E-02
   7.68475056       3.55293751E-02
   7.70869970       3.43594477E-02
   7.73264885       3.17309871E-02
   7.75659800       2.06767507E-02
   7.78054714       2.34842021E-02
   7.80449629       2.00930256E-02
   7.82844543       1.84230767E-02
   7.85239458       2.05196869E-02
   7.87634373       1.51071222E-02
   7.90029287       1.86430756E-02
   7.92424250       1.58296172E-02
   7.94819164       1.47013459E-02
   7.97214079       1.16255525E-02
   7.99608994       9.58933402E-03
   8.02003860       9.31418128E-03
   8.04398823       8.32977053E-03
   8.06793785       1.12878168E-02
   8.09188652       1.21695688E-02
   8.11583519       1.20444167E-02
   8.13978481       9.97398794E-03
   8.16373444       6.25127275E-03
   8.18768311       7.27013871E-03
   8.21163177       4.94771823E-03
   8.23558140       5.51712699E-03
   8.25953102       4.72999364E-03
   8.28347969       2.08291551E-03
   8.30742836       4.98625170E-03
   8.33137798       1.95795810E-03
   8.35532761       3.74328764E-03
   8.37927628       4.18732828E-03
   8.40322495       1.08963263E-03
   8.42717552       9.17799422E-04
   8.45112419       3.46832909E-04
   8.47507286       4.88543825E-04
   8.49902248       8.46963318E-04
   8.52297115       2.90631113E-04
   8.54692078       5.17374487E-04
   8.57086945       5.87884628E-04
   8.59481907       1.14372221E-03
   8.61876774       1.61295803E-03
   8.64271736       1.25957036E-03
   8.66666603       7.77600333E-04
   8.69061565       6.37718535E-04
   8.71456528       5.00085473E-04
   8.73851395       8.83375236E-04
   8.76246357       1.36363728E-03
   8.78641224       8.98848579E-04
   8.81036186       3.52562871E-04
   8.83431053       1.45054393E-04
   8.85826015       4.37834424E-05
   8.88220882       9.99106909E-04
   8.90615845       3.78020050E-04
   8.93010712       1.50531894E-04
   8.95405674       3.89940775E-04
   8.97800541       7.65510413E-05
   9.00195503       9.57236975E-04
   9.02590370       7.97169516E-04
   9.04985332       1.59419040E-04
   9.07380199       9.53489580E-05
   9.09775162       4.41649863E-05
   9.12170029       4.12313035E-04
   9.14564991       4.80158837E-04
   9.16959858       3.30931689E-05
   9.19354820       4.10560693E-04
   9.21749783       1.04535976E-03
   9.24144650       7.00084056E-05
   9.26539612       5.37275628E-04
   9.28934479       2.78431718E-04
   9.31329441       8.08901041E-06
   9.33724308       7.89606362E-04
   9.36119270       2.38671972E-04
   9.38514137       4.21008808E-05
   9.40909100       1.57572213E-04
   9.43303967       2.82598137E-07
   9.45698929       4.15269751E-04
   9.48093796       1.08896667E-04
   9.50488758       4.18959244E-05
   9.52883625       4.66714933E-04
   9.55278587       4.86010904E-05
   9.57673454       1.75972251E-04
   9.60068417       7.88958161E-04
   9.62463284       9.78622193E-05
   9.64858246       8.80592124E-05
   9.67253113       1.26359053E-04
   9.69648075       1.37915358E-05
   9.72043037       4.37957555E-04
   9.74437904       3.45976820E-04
   9.76832867       5.26810618E-06
   9.79227734       4.02771868E-04
   9.81622696       1.67186925E-04
   9.84017563       1.56933253E-04
   9.86412525       1.67394173E-04
   9.88807392       1.01070895E-04
   9.91202354       2.03401461E-04
   9.93597221       3.05633701E-04
   9.95992184       3.19721676E-06
   9.98387051       4.23192221E-04
   10.0078201       9.57252923E-05
   10.0317688       3.61318962E-05
   10.0557184       4.72033920E-04
   10.0796671       1.35912327E-04
   10.1036167       3.66543682E-04
   10.1275654       3.65525018E-04
   10.1515150       3.06439761E-05
   10.1754637       1.88176899E-04
   10.1994133       2.57828597E-05
   10.2233629       5.95556106E-04
   10.2473116       1.37848663E-03
   10.2712612       4.80174494E-04
   10.2952099       3.48267204E-04
   10.3191595       3.13855562E-04
   10.3431082       1.50933716E-04
   10.3670578       2.50498968E-04
   10.3910065       5.85597067E-04
   10.4149561       2.20380025E-04
   10.4389048       1.48243445E-03
   10.4628544       1.82080694E-04
   10.4868031       2.92403158E-04
   10.5107527       6.39662729E-04
   10.5347013       1.78222181E-04
   10.5586510       8.69479438E-04
   10.5825996       7.87299825E-04
   10.6065493       1.38115793E-04
   10.6304979       1.58154580E-04
   10.6544476       3.18667706E-04
   10.6783962       1.62445140E-04
   10.7023458       3.54222924E-04
   10.7262955       3.69153749E-05
   10.7502441       2.13222200E-04
   10.7741938       2.28133431E-04
   10.7981424       3.46123445E-04
   10.8220921       6.53880998E-04
   10.8460407       1.94554479E-04
   10.8699903       5.33421640E-04
   10.8939390       6.16273086E-04
   10.9178886       2.75841972E-04
   10.9418373       1.72974920E-04
   10.9657869       4.65693563E-04
   10.9897356       3.22612104E-05
   11.0136852       1.38738658E-04
   11.0376339       1.90324572E-04
   11.0615835       6.37452322E-05
   11.0855322       2.83019821E-04
   11.1094818       3.72310060E-05
   11.1334305       4.87462239E-04
   11.1573801       2.45378964E-04
   11.1813288       4.36063892E-05
   11.2052784       8.51560733E-04
   11.2292271       1.64944649E-04
   11.2531767       1.60331510E-05
   11.2771263       1.06459760E-04
   11.3010750       1.30566157E-04
   11.3250246       2.98535830E-04
   11.3489733       4.57307731E-04
   11.3729229       7.70162369E-05
   11.3968716       1.97179907E-04
   11.4208212       1.48276085E-04
   11.4447699       5.62613597E-04
   11.4687195       6.53713592E-04
   11.4926682       7.01356097E-04
   11.5166178       4.97208093E-04
   11.5405664       8.47837146E-05
   11.5645161       1.92008229E-05
   11.5884647       5.92357792E-05
   11.6124144       2.29787165E-05
   11.6363630       2.71092867E-05
   11.6603127       1.78197195E-04
   11.6842613       5.86681126E-05
   11.7082109       4.33203750E-05
   11.7321596       3.78869678E-04
   11.7561092       2.43221715E-04
   11.7800589       1.23659513E-04
   11.8040075       1.93372543E-04
   11.8279572       1.99952774E-04
   11.8519058       2.45841493E-05
   11.8758554       1.70299372E-05
   11.8998041       3.35848490E-05
   11.9237537       2.27870099E-04
   11.9477024       4.66205092E-05
   11.9716520       2.26572411E-05
   11.9956007       2.45647720E-06
   12.0195503       1.96253714E-05
   12.0434990       4.88274731E-04
   12.0674486       1.23101461E-04
   12.0913973       1.28431362E-04
   12.1153469       1.20335826E-04
   12.1392956       2.79572268E-04
   12.1632452       6.76648997E-05
   12.1871939       2.32656355E-04
   12.2111435       3.04530840E-04
   12.2350922       2.69234515E-05
   12.2590418       1.82077434E-04
   12.2829914       1.14800278E-04
   12.3069401       6.52276913E-06
   12.3308897       1.77422509E-04
   12.3548384       1.03170842E-05
   12.3787880       2.80713808E-04
   12.4027367       1.36090151E-04
   12.4266863       3.15218233E-04
   12.4506350       6.68993162E-04
   12.4745846       3.38584767E-04
   12.4985332       2.43282368E-04
   12.5224829       2.10145052E-04
   12.5464315       2.26938369E-04
   12.5703812       1.33187466E-04
   12.5943298       3.99929180E-04
   12.6182795       3.34790151E-04
   12.6422281       1.78656285E-06
   12.6661777       9.17642101E-05
   12.6901264       1.48870342E-04
   12.7140760       1.31981687E-05
   12.7380247       2.27717610E-04
   12.7619743       3.12096890E-05
   12.7859240       4.23382357E-04
   12.8098726       1.03795042E-04
   12.8338223       1.87588319E-06
   12.8577709       2.42044072E-04
   12.8817205       2.28333753E-04
   12.9056692       1.11413305E-04
   12.9296188       1.20668294E-04
   12.9535675       1.96188426E-04
   12.9775171       3.51120660E-04
   13.0014658       4.00304591E-04
   13.0254154       4.54326218E-05
   13.0493641       4.41482960E-04
   13.0733137       2.18412461E-04
   13.0972624       3.20044172E-04
   13.1212120       8.45116214E-04
   13.1451607       3.92923743E-04
   13.1691103       3.97202326E-04
   13.1930590       4.92071209E-04
   13.2170086       4.70183499E-04
   13.2409573       1.98202441E-04
   13.2649069       1.42985431E-04
   13.2888565       5.90718955E-05
   13.3128052       4.42656281E-04
   13.3367548       2.88530020E-04
   13.3607035       4.06450476E-04
   13.3846531       6.69399567E-04
   13.4086018       1.07112846E-05
   13.4325514       4.89106867E-04
   13.4565001       4.30222979E-04
   13.4804497       3.65463173E-04
   13.5043983       1.62529037E-03
   13.5283480       4.12839319E-04
   13.5522966       3.30338167E-04
   13.5762463       2.44851079E-04
   13.6001949       1.72659114E-04
   13.6241446       2.76800303E-04
   13.6480932       7.60682597E-05
   13.6720428       1.37951502E-05
   13.6959915       4.34212299E-04
   13.7199411       1.47742001E-04
   13.7438898       3.54447664E-04
   13.7678394       6.33718679E-04
   13.7917891       8.21542708E-05
   13.8157377       2.03062300E-04
   13.8396873       4.30047250E-04
   13.8636360       1.48322128E-04
   13.8875856       2.68404750E-04
   13.9115343       2.30334495E-04
   13.9354839       1.92328269E-04
   13.9594326       4.73227265E-04
   13.9833822       9.24679407E-05
   14.0073309       2.06012657E-04
   14.0312805       4.34373185E-04
   14.0552292       3.82910694E-05
   14.0791788       2.35859305E-04
   14.1031275       9.04579763E-04
   14.1270771       2.33467526E-05
   14.1510258       1.69517443E-04
   14.1749754       3.61689366E-04
   14.1989241       3.98311124E-04
   14.2228737       2.90781929E-04
   14.2468224       1.30171305E-03
   14.2707720       6.05600653E-04
   14.2947216       1.00161787E-03
   14.3186703       4.98094305E-05
   14.3426199       8.71549011E-04
   14.3665686       5.79384912E-04
   14.3905182       5.35553190E-05
   14.4144669       4.06732608E-04
   14.4384165       2.75705766E-04
   14.4623652       3.32652817E-05
   14.4863148       7.52869964E-05
   14.5102634       6.92262765E-05
   14.5342131       2.34147243E-04
   14.5581617       3.41117586E-04
   14.5821114       4.24903963E-04
   14.6060600       6.96534058E-04
   14.6300097       5.84960333E-04
   14.6539583       1.19351080E-05
   14.6779079       2.67916475E-04
   14.7018566       1.12855123E-05
   14.7258062       3.62226623E-04
   14.7497549       4.93518310E-04
   14.7737045       7.45641737E-05
   14.7976532       3.11141426E-04
   14.8216028       6.87437714E-04
   14.8455524       3.12223383E-05
   14.8695011       2.67165713E-04
   14.8934507       7.00577439E-05
   14.9173994       2.00161274E-04
   14.9413490       8.37995671E-04
   14.9652977       5.35497893E-05
   14.9892473       2.83285219E-04
   15.0131960       8.09405028E-05
   15.0371456       1.59733696E-04
   15.0610943       2.09641352E-04
   15.0850439       2.77533458E-04
   15.1089926       4.72039043E-04
   15.1329422       2.39108063E-04
   15.1568909       3.48960515E-04
   15.1808405       3.43967491E-04
   15.2047892       2.38869208E-04
   15.2287388       5.28144083E-05
   15.2526875       4.95909597E-04
   15.2766371       2.37959001E-04
   15.3005857       9.54234740E-04
   15.3245354       8.46806506E-04
   15.3484850       4.70949395E-04
   15.3724337       7.59913746E-05
   15.3963833       8.62694287E-05
   15.4203320       2.92145378E-05
   15.4442816       2.29322875E-04
   15.4682302       1.37272815E-04
   15.4921799       2.80199602E-04
   15.5161285       4.67202539E-04
   15.5400782       4.02883481E-04
   15.5640268       1.87500409E-04
   15.5879765       7.64027238E-04
   15.6119251       2.08541460E-04
   15.6358747       4.54331108E-04
   15.6598234       1.01854221E-03
   15.6837730       3.18187376E-04
   15.7077217       2.00381823E-04
   15.7316713       1.12895170E-04
   15.7556200       4.88832711E-06
   15.7795696       9.65485233E-05
   15.8035183       1.47868705E-04
   15.8274679       2.83732254E-04
   15.8514175       2.89952615E-04
   15.8753662       2.21281385E-04
   15.8993158       2.05086893E-04
   15.9232645       3.53376992E-04
   15.9472141       9.31851973E-05
   15.9711628       8.69586831E-04
   15.9951124       4.47120809E-04
   16.0190620       5.03504416E-05
   16.0430107       4.72728221E-04
   16.0669594       2.53789418E-04
   16.0909081       1.14038616E-04
   16.1148567       1.73417488E-04
   16.1388073       2.61848996E-04
   16.1627560       4.33776208E-04
   16.1867065       1.12963804E-04
   16.2106552       1.75686148E-06
   16.2346039       4.58154886E-04
   16.2585526       1.67699196E-04
   16.2825012       1.69689520E-04
   16.3064499       7.86924444E-04
   16.3304005       2.14233645E-04
   16.3543510       1.08967186E-04
   16.3782997       6.93341935E-05
   16.4022484       1.44136602E-05
   16.4261971       3.98510398E-04
   16.4501457       1.52641587E-04
   16.4740944       1.71827168E-07
   16.4980450       5.75659680E-04
   16.5219936       1.02072605E-04
   16.5459423       2.02053867E-04
   16.5698929       2.95417994E-04
   16.5938416       1.80689633E-04
   16.6177902       9.48006273E-05
   16.6417389       2.48270837E-04
   16.6656895       3.79074161E-04
   16.6896381       4.14976239E-05
   16.7135868       2.39946748E-04
   16.7375355       1.14492905E-04
   16.7614861       3.01481341E-04
   16.7854347       1.37151928E-05
   16.8093834       1.98036374E-04
   16.8333321       2.69597222E-05
   16.8572826       3.75957898E-05
   16.8812313       1.20041354E-04
   16.9051800       7.66032899E-05
   16.9291306       1.62606564E-04
   16.9530792       9.75266012E-05
   16.9770279       1.85903293E-04
   17.0009766       2.40083260E-04
   17.0249271       1.35234208E-04
   17.0488758       1.11184491E-07
   17.0728245       3.97138152E-04
   17.0967731       5.07873192E-05
   17.1207237       3.47214736E-05
   17.1446724       1.77625931E-04
   17.1686211       8.01095575E-06
   17.1925697       1.64705270E-04
   17.2165203       1.67830513E-04
   17.2404690       2.06045137E-04
   17.2644176       9.20454913E-05
   17.2883663       3.48920468E-04
   17.3123169       9.92956848E-05
   17.3362656       1.41758122E-04
   17.3602142       3.62428429E-04
   17.3841648       1.18740805E-04
   17.4081135       1.56958689E-04
   17.4320621       1.91697982E-04
   17.4560108       1.21871984E-04
   17.4799614       4.00654186E-04
   17.5039101       1.64651807E-04
   17.5278587       2.26257427E-04
   17.5518074       5.27839002E-04
   17.5757580       2.87092116E-04
   17.5997066       3.15197365E-04
   17.6236553       1.39272437E-04
   17.6476040       4.75789711E-05
   17.6715546       1.30519576E-04
   17.6955032       3.65656888E-04
   17.7194519       7.02924794E-04
   17.7434006       2.12924089E-04
   17.7673512       2.43503178E-04
   17.7912998       2.55053514E-04
   17.8152485       4.33047011E-04
   17.8391972       4.07331943E-04
   17.8631477       6.09322597E-05
   17.8870964       4.96583292E-04
   17.9110451       3.83017585E-04
   17.9349957       1.34632661E-04
   17.9589443       1.36472634E-04
   17.9828930       5.42306574E-04
   18.0068417       3.71297152E-04
   18.0307922       6.25244982E-04
   18.0547409       3.91181849E-04
   18.0786896       3.20092309E-04
   18.1026382       1.28203232E-04
   18.1265888       1.43523750E-04
   18.1505375       5.41050453E-04
   18.1744862       1.73926834E-04
   18.1984348       6.70346082E-04
   18.2223854       6.17986894E-04
   18.2463341       8.53250676E-05
   18.2702827       2.37049957E-04
   18.2942314       5.13520499E-04
   18.3181820       1.67220132E-04
   18.3421307       4.45848971E-04
   18.3660793       3.35377379E-04
   18.3900299       9.24731467E-06
   18.4139786       2.08807513E-04
   18.4379272       3.83368342E-06
   18.4618759       3.08991061E-04
   18.4858265       7.92583101E-04
   18.5097752       4.11766705E-05
   18.5337238       1.87109283E-04
   18.5576725       1.98526395E-04
   18.5816231       1.86097110E-04
   18.6055717       7.90650141E-04
   18.6295204       2.10740720E-04
   18.6534691       3.97554550E-06
   18.6774197       6.79821067E-04
   18.7013683       8.22518195E-05
   18.7253170       3.62841529E-05
   18.7492657       2.82005989E-04
   18.7732162       7.28823943E-06
   18.7971649       7.10036722E-04
   18.8211136       3.09966854E-04
   18.8450623       1.08414519E-04
   18.8690128       4.28814412E-04
   18.8929615       2.03632790E-05
   18.9169102       4.78695729E-04
   18.9408607       1.26685284E-03
   18.9648094       8.41776491E-05
   18.9887581       1.50609922E-04
   19.0127068       2.05701857E-04
   19.0366573       2.12671765E-07
   19.0606060       3.38021346E-04
   19.0845547       1.60893705E-05
   19.1085033       2.80900975E-04
   19.1324539       8.74566671E-04
   19.1564026       1.40513541E-04
   19.1803513       8.11296515E-04
   19.2042999       8.48786323E-04
   19.2282505       1.15275079E-05
   19.2521992       1.27489548E-04
   19.2761478       5.98413928E-04
   19.3000965       3.67165630E-05
   19.3240471       1.23717997E-04
   19.3479958       3.77898032E-05
   19.3719444       4.05250728E-04
   19.3958931       3.25403642E-04
   19.4198437       1.87710495E-04
   19.4437923       3.72308219E-04
   19.4677410       3.51613358E-04
   19.4916916       3.26168753E-04
   19.5156403       1.14205095E-03
   19.5395889       8.81164917E-04
   19.5635376       1.38171759E-04
   19.5874882       1.32175657E-04
   19.6114368       1.01757269E-06
   19.6353855       4.43041325E-04
   19.6593342       2.52695667E-04
   19.6832848       9.09111986E-04
   19.7072334       6.87179854E-04
   19.7311821       3.23612010E-04
   19.7551308       1.17043957E-04
   19.7790813       1.32640431E-04
   19.8030300       5.24123534E-05
   19.8269787       7.10342079E-04
   19.8509274       2.98423314E-04
   19.8748779       2.78202024E-05
   19.8988266       1.74848523E-04
   19.9227753       1.16492127E-04
   19.9467258       3.55552998E-04
   19.9706745       6.80139812E-04
   19.9946232       2.30405654E-04
   20.0185719       4.11800778E-04
   20.0425224       4.26807295E-04
   20.0664711       2.75918210E-05
   20.0904198       9.06546338E-05
   20.1143684       7.40894247E-05
   20.1383190       1.08074193E-04
   20.1622677       6.34459953E-04
   20.1862164       2.69982556E-04
   20.2101650       7.20815151E-05
   20.2341156       2.55343533E-04
   20.2580643       5.65111332E-05
   20.2820129       8.86575319E-04
   20.3059616       4.32588800E-04
   20.3299122       5.64851734E-06
   20.3538609       8.80659500E-04
   20.3778095       1.50042077E-04
   20.4017582       2.22255738E-04
   20.4257088       8.22368660E-04
   20.4496574       8.64965623E-05
   20.4736061       3.07610724E-04
   20.4975567       2.85767863E-04
   20.5215054       1.37031893E-04
   20.5454540       2.21712631E-04
   20.5694027       7.25875871E-05
   20.5933533       2.75585277E-04
   20.6173019       8.02379451E-04
   20.6412506       4.37928320E-05
   20.6651993       3.83638166E-04
   20.6891499       4.65805002E-04
   20.7130985       1.46889943E-04
   20.7370472       5.86123031E-04
   20.7609959       6.76019641E-04
   20.7849464       1.18920274E-04
   20.8088951       3.33190314E-04
   20.8328438       1.86482313E-04
   20.8567924       4.21812329E-05
   20.8807430       1.00096909E-03
   20.9046917       6.80062585E-05
   20.9286404       2.49068864E-04
   20.9525909       1.99410613E-04
   20.9765396       2.44656239E-05
   21.0004883       2.48673023E-04
   21.0244370       2.11730207E-04
   21.0483875       5.46263298E-04
   21.0723362       6.41215942E-04
   21.0962849       6.56984412E-05
   21.1202335       1.79338705E-04
   21.1441841       4.20679426E-04
   21.1681328       5.08028461E-05
   21.1920815       2.82197725E-04
   21.2160301       3.02284097E-05
   21.2399807       2.18199610E-04
   21.2639294       1.83322321E-04
   21.2878780       2.04534281E-05
   21.3118267       1.18174576E-04
   21.3357773       4.07052983E-04
   21.3597260       7.56388108E-05
   21.3836746       9.61010810E-05
   21.4076233       8.25828247E-05
   21.4315739       1.96320878E-04
   21.4555225       8.64491740E-05
   21.4794712       1.57368617E-04
   21.5034218       2.73269776E-04
   21.5273705       2.24335337E-04
   21.5513191       4.33332980E-06
   21.5752678       1.62409880E-04
   21.5992184       1.30551314E-04
   21.6231670       3.97800701E-04
   21.6471157       4.29327250E-04
   21.6710644       5.21407928E-04
   21.6950150       1.52914188E-04
   21.7189636       1.10244029E-04
   21.7429123       5.14434301E-04
   21.7668610       1.43432680E-05
   21.7908115       7.79724869E-05
   21.8147602       1.47019920E-04
   21.8387089       2.30203324E-04
   21.8626575       2.82485795E-04
   21.8866081       2.77108375E-05
   21.9105568       6.04194211E-05
   21.9345055       2.70973896E-06
   21.9584541       2.77161540E-04
   21.9824047       5.49141958E-04
   22.0063534       3.34888260E-04
   22.0303020       1.16431358E-04
   22.0542526       1.35194350E-04
   22.0782013       3.14388628E-04
   22.1021500       1.63952973E-05
   22.1260986       2.25445212E-04
   22.1500492       7.49932224E-05
   22.1739979       1.66548532E-04
   22.1979465       3.95057374E-04
   22.2218952       1.66416066E-04
   22.2458458       1.48559584E-05
   22.2697945       1.07166798E-05
   22.2937431       3.96188188E-05
   22.3176918       6.49752852E-04
   22.3416424       2.76373466E-04
   22.3655910       1.16711681E-05
   22.3895397       1.23518577E-04
   22.4134884       6.31677918E-04
   22.4374390       2.35514271E-05
   22.4613876       2.46503216E-04
   22.4853363       2.35168955E-05
   22.5092869       1.18179480E-04
   22.5332355       3.60602600E-04
   22.5571842       6.12931966E-04
   22.5811329       4.16754658E-04
   22.6050835       2.91078672E-04
   22.6290321       1.35069771E-04
   22.6529808       4.43785073E-04
   22.6769295       2.43862232E-04
   22.7008801       1.06108972E-04
   22.7248287       2.31523845E-05
   22.7487774       5.24329953E-05
   22.7727261       1.90236824E-04
   22.7966766       5.98809856E-04
   22.8206253       1.47954008E-04
   22.8445740       1.05470630E-04
   22.8685226       1.84452554E-04
   22.8924732       1.92313222E-04
   22.9164219       8.78888299E-04
   22.9403706       7.31695909E-05
   22.9643192       3.20191990E-04
   22.9882698       3.43783235E-04
   23.0122185       2.60829518E-04
   23.0361671       3.04208312E-04
   23.0601177       4.21713019E-04
   23.0840664       9.19858721E-05
   23.1080151       2.19189271E-04
   23.1319637       4.99474932E-04
   23.1559143       1.68689265E-04
   23.1798630       4.42698016E-04
   23.2038116       9.27680885E-05
   23.2277603       3.37154110E-04
   23.2517109       7.80972012E-04
   23.2756596       2.57511478E-04
   23.2996082       4.76256420E-04
   23.3235569       2.33914980E-04
   23.3475075       3.87894572E-04
   23.3714561       8.64624861E-04
   23.3954048       8.06610406E-05
   23.4193535       2.95950449E-04
   23.4433041       1.83915487E-04
   23.4672527       1.35549533E-04
   23.4912014       5.68841235E-04
   23.5151520       2.87961768E-04
   23.5391006       5.04078926E-04
   23.5630493       1.19108346E-03
   23.5869980       1.43962185E-04
   23.6109486       7.82014322E-05
   23.6348972       2.24331583E-04
   23.6588459       1.17715666E-04
   23.6827946       1.53678702E-03
   23.7067451       4.68757760E-04
   23.7306938       1.33069538E-04
   23.7546425       1.04058796E-04
   23.7785912       3.08810490E-06
   23.8025417       9.85548482E-04
   23.8264904       6.54927571E-04
   23.8504391       2.57259253E-05
   23.8743877       2.91716307E-04
   23.8983383       2.79023661E-04
   23.9222870       3.05728645E-05
   23.9462357       1.46154300E-04
   23.9701843       1.67070666E-05
   23.9941349       3.36473517E-04
   24.0180836       1.11638778E-03
   24.0420322       1.23272912E-04
   24.0659828       4.85717137E-05
   24.0899315       1.11200575E-06
   24.1138802       1.29705630E-04
   24.1378288       5.99775114E-04
   24.1617794       5.25763200E-04
   24.1857281       1.15241797E-04
   24.2096767       4.76081390E-04
   24.2336254       9.29359740E-05
   24.2575760       2.87995237E-04
   24.2815247       3.98687902E-04
   24.3054733       1.73806184E-05
   24.3294220       2.91582430E-04
   24.3533726       6.18122926E-04
   24.3773212       2.49092816E-04
   24.4012699       4.92108084E-05
   24.4252186       1.10544497E-04
   24.4491692       3.86133703E-04
   24.4731178       3.13904602E-04
   24.4970665       6.91006426E-05
   24.5210171       7.98189372E-04
   24.5449657       5.14644198E-04
   24.5689144       2.65588518E-04
   24.5928631       5.88095805E-04
   24.6168137       8.16487300E-04
   24.6407623       1.91583793E-04
   24.6647110       3.63691885E-04
   24.6886597       2.66655465E-04
   24.7126102       2.53291248E-04
   24.7365589       5.28306060E-04
   24.7605076       1.30919565E-04
   24.7844563       8.08970537E-04
   24.8084068       3.56720237E-04
   24.8323555       4.25072940E-05
   24.8563042       6.01848587E-04
   24.8802528       1.79206090E-05
   24.9042034       5.13610372E-04
   24.9281521       6.36737794E-04
   24.9521008       3.50458169E-04
   24.9760494       3.96916614E-04
   25.0000000       1.36469374E-04
