  0.500000000       1.50894665E-03
  0.523949146       2.11475207E-03
  0.547898352       1.22569769E-03
  0.571847498       4.72972810E-04
  0.595796704       3.31012486E-03
  0.619745851       6.34452270E-04
  0.643694997       2.67490349E-03
  0.667644143       3.49709345E-03
  0.691593349       2.84297246E-04
  0.715542555       2.11699540E-03
  0.739491701       7.34128349E-04
  0.763440847       7.20305368E-04
  0.787389994       2.24275328E-03
  0.811339200       4.53204731E-04
  0.835288346       1.67999999E-04
  0.859237552       3.87346190E-05
  0.883186698       4.61706077E-04
  0.907135844       2.75295251E-03
  0.931085050       3.06024170E-03
  0.955034196       7.02093457E-05
  0.978983402       6.33230433E-04
   1.00293255       3.57786543E-04
   1.02688169       2.81455880E-03
   1.05083084       5.63207269E-03
   1.07477999       9.83497361E-04
   1.09872913       3.19752318E-04
   1.12267840       7.28021376E-04
   1.14662755       1.04177347E-03
   1.17057669       2.38059415E-03
   1.19452596       1.75015209E-03
   1.21847510       1.33839814E-04
   1.24242425       1.60340351E-05
   1.26637340       2.61872716E-04
   1.29032254       1.95876649E-03
   1.31427169       4.33021784E-03
   1.33822083       1.48159952E-03
   1.36217010       4.77237918E-04
   1.38611925       2.90426597E-05
   1.41006839       2.15049274E-03
   1.43401766       6.31295145E-03
   1.45796680       2.94957682E-03
   1.48191595       7.10304594E-04
   1.50586510       2.55373830E-04
   1.52981424       3.41063889E-04
   1.55376339       4.34465334E-03
   1.57771254       3.63313220E-03
   1.60166180       1.00834109E-03
   1.62561095       6.51761948E-04
   1.64956009       3.67929431E-04
   1.67350924       1.89960771E-03
   1.69745839       4.87336237E-03
   1.72140765       3.16091161E-03
   1.74535680       5.75969752E-04
   1.76930594       1.48064995E-04
   1.79325509       2.20286311E-03
   1.81720424       5.94534725E-03
   1.84115338       3.99836432E-03
   1.86510265       4.85626893E-04
   1.88905180       2.24837349E-04
   1.91300094       6.62013015E-04
   1.93695009       3.15091480E-03
   1.96089923       4.32583410E-03
   1.98484850       3.60707054E-03
   2.00879765       9.32644703E-04
   2.03274679       3.37754027E-04
   2.05669594       6.20192033E-04
   2.08064508       4.32758033E-03
   2.10459423       3.64900706E-03
   2.12854338       1.44635653E-03
   2.15249252       1.27947005E-03
   2.17644167       1.54430873E-03
   2.20039082       5.42722875E-03
   2.22434020       3.08173383E-03
   2.24828935       1.99392182E-03
   2.27223849       1.81463431E-03
   2.29618764       1.30588119E-03
   2.32013679       3.92380403E-03
   2.34408593       4.19122539E-03
   2.36803532       6.20580371E-03
   2.39198446       3.22609860E-03
   2.41593361       1.04832591E-03
   2.43988276       2.34336546E-03
   2.46383190       3.53953568E-03
   2.48778105       6.79742824E-03
   2.51173019       6.83775824E-03
   2.53567934       7.60434754E-03
   2.55962849       7.91747309E-03
   2.58357763       7.42751779E-03
   2.60752678       9.39403754E-03
   2.63147593       1.06235249E-02
   2.65542507       1.08913295E-02
   2.67937446       1.20671038E-02
   2.70332360       1.47546567E-02
   2.72727275       1.99930444E-02
   2.75122190       1.77845880E-02
   2.77517104       1.33975549E-02
   2.79912019       1.42765138E-02
   2.82306933       2.04619039E-02
   2.84701848       2.30396241E-02
   2.87096763       2.06057541E-02
   2.89491677       1.65473036E-02
   2.91886592       2.06120517E-02
   2.94281530       3.08991540E-02
   2.96676445       3.37381773E-02
   2.99071360       2.99548302E-02
   3.01466274       2.74343640E-02
   3.03861189       2.87050325E-02
   3.06256104       2.98891235E-02
   3.08651018       3.92490402E-02
   3.11045933       4.30749245E-02
   3.13440847       3.02827377E-02
   3.15835762       2.63230596E-02
   3.18230677       3.77267785E-02
   3.20625615       5.79476319E-02
   3.23020530       6.19353279E-02
   3.25415444       3.89955267E-02
   3.27810359       2.65187118E-02
   3.30205274       3.66870277E-02
   3.32600188       5.58370501E-02
   3.34995103       7.75834098E-02
   3.37390018       6.69852868E-02
   3.39784932       5.15614413E-02
   3.42179847       4.93466631E-02
   3.44574785       6.31686747E-02
   3.46969700       8.74714702E-02
   3.49364614       9.06671286E-02
   3.51759529       6.04207441E-02
   3.54154444       4.89479527E-02
   3.56549358       6.40237033E-02
   3.58944273      0.103603244    
   3.61339188      0.113646440    
   3.63734102       7.71223754E-02
   3.66129017       5.74033558E-02
   3.68523932       7.05022886E-02
   3.70918870       9.91800576E-02
   3.73313785      0.133915365    
   3.75708699      0.114754975    
   3.78103614       9.73456502E-02
   3.80498528       8.15921426E-02
   3.82893443      0.101751924    
   3.85288358      0.142130926    
   3.87683272      0.157206476    
   3.90078187      0.127599463    
   3.92473102      0.106726259    
   3.94868040      0.123203591    
   3.97262955      0.157848850    
   3.99657869      0.164881140    
   4.02052784      0.149495780    
   4.04447699      0.132791400    
   4.06842613      0.140515313    
   4.09237528      0.172982812    
   4.11632442      0.198198378    
   4.14027357      0.197943985    
   4.16422272      0.162763909    
   4.18817186      0.153544039    
   4.21212101      0.180357352    
   4.23607063      0.211895227    
   4.26001930      0.226867005    
   4.28396893      0.200246885    
   4.30791759      0.199684069    
   4.33186722      0.219475389    
   4.35581589      0.223456621    
   4.37976551      0.232503101    
   4.40371418      0.218629584    
   4.42766380      0.229236200    
   4.45161247      0.241265163    
   4.47556210      0.252792239    
   4.49951124      0.261756599    
   4.52346039      0.255185813    
   4.54740953      0.248859957    
   4.57135868      0.271398664    
   4.59530783      0.296265453    
   4.61925697      0.308478296    
   4.64320612      0.293525547    
   4.66715527      0.282987148    
   4.69110441      0.293150485    
   4.71505356      0.318680584    
   4.73900270      0.299082547    
   4.76295185      0.279144257    
   4.78690100      0.290892363    
   4.81085014      0.315537244    
   4.83479929      0.344779372    
   4.85874891      0.330511034    
   4.88269806      0.303505301    
   4.90664721      0.303365886    
   4.93059635      0.307459444    
   4.95454550      0.342802048    
   4.97849464      0.361001462    
   5.00244379      0.343666404    
   5.02639294      0.320336670    
   5.05034208      0.314666063    
   5.07429123      0.357737482    
   5.09824038      0.394329727    
   5.12218952      0.348611623    
   5.14613867      0.305222660    
   5.17008781      0.312431663    
   5.19403696      0.353687614    
   5.21798611      0.387037843    
   5.24193525      0.374365479    
   5.26588440      0.344496816    
   5.28983355      0.339971393    
   5.31378269      0.338101029    
   5.33773184      0.387665510    
   5.36168146      0.395110369    
   5.38563061      0.368701577    
   5.40957975      0.327447683    
   5.43352890      0.306253165    
   5.45747805      0.367427945    
   5.48142719      0.420646787    
   5.50537634      0.394484133    
   5.52932549      0.345415205    
   5.55327463      0.318344384    
   5.57722378      0.359622598    
   5.60117292      0.381646454    
   5.62512207      0.362871319    
   5.64907122      0.337532938    
   5.67302036      0.303280175    
   5.69696951      0.300692111    
   5.72091866      0.360710025    
   5.74486780      0.395659059    
   5.76881695      0.362917423    
   5.79276609      0.294863254    
   5.81671524      0.275552422    
   5.84066439      0.324759305    
   5.86461353      0.382647157    
   5.88856316      0.371966302    
   5.91251230      0.315441370    
   5.93646145      0.295321524    
   5.96041059      0.299607843    
   5.98435974      0.358059108    
   6.00830889      0.346072167    
   6.03225803      0.313767731    
   6.05620718      0.268201232    
   6.08015633      0.258268356    
   6.10410547      0.315801412    
   6.12805462      0.354848504    
   6.15200377      0.314125836    
   6.17595291      0.255511850    
   6.19990206      0.220593244    
   6.22385120      0.263715684    
   6.24780035      0.315525919    
   6.27174950      0.323558003    
   6.29569864      0.263552368    
   6.31964779      0.218491718    
   6.34359694      0.229614437    
   6.36754608      0.267365307    
   6.39149570      0.280684590    
   6.41544485      0.262537241    
   6.43939400      0.205926284    
   6.46334314      0.205399185    
   6.48729229      0.230519056    
   6.51124144      0.258882821    
   6.53519058      0.247190386    
   6.55913973      0.193662256    
   6.58308887      0.175387263    
   6.60703802      0.186076283    
   6.63098717      0.219427988    
   6.65493631      0.234574839    
   6.67888546      0.200403735    
   6.70283461      0.157284200    
   6.72678375      0.159240484    
   6.75073290      0.165021330    
   6.77468204      0.185742959    
   6.79863119      0.186177492    
   6.82258034      0.168003321    
   6.84652948      0.137457922    
   6.87047863      0.140934974    
   6.89442825      0.151306540    
   6.91837740      0.149681568    
   6.94232655      0.130070671    
   6.96627569      0.118172742    
   6.99022484      0.108831912    
   7.01417398      0.124393821    
   7.03812313      0.134140968    
   7.06207228      0.129634678    
   7.08602142      0.107422605    
   7.10997057       9.36161950E-02
   7.13391972       9.58620757E-02
   7.15786886      0.105399653    
   7.18181801      0.112803586    
   7.20576715      0.112479664    
   7.22971630       9.16704386E-02
   7.25366545       8.19319189E-02
   7.27761459       7.15245754E-02
   7.30156374       8.33223909E-02
   7.32551289       8.09163004E-02
   7.34946203       7.28129596E-02
   7.37341118       7.15842694E-02
   7.39736080       5.61533235E-02
   7.42130995       7.14484900E-02
   7.44525909       6.16285950E-02
   7.46920824       5.82129136E-02
   7.49315739       4.95955981E-02
   7.51710653       4.04500216E-02
   7.54105568       4.68152314E-02
   7.56500483       5.66778295E-02
   7.58895397       6.58385977E-02
   7.61290312       5.57522178E-02
   7.63685226       3.36039960E-02
   7.66080141       3.62136662E-02
   7.68475056       3.63890864E-02
   7.70869970       5.25225624E-02
   7.73264885       4.70631272E-02
   7.75659800       3.31439413E-02
   7.78054714       2.82501094E-02
   7.80449629       2.66317893E-02
   7.82844543       3.26141305E-02
   7.85239458       3.44944745E-02
   7.87634373       2.64107119E-02
   7.90029287       1.97072253E-02
   7.92424250       1.54010728E-02
   7.94819164       2.70535965E-02
   7.97214079       3.36950310E-02
   7.99608994       2.73157451E-02
   8.02003860       1.43350335E-02
   8.04398823       9.72923078E-03
   8.06793785       1.53740868E-02
   8.09188652       2.39974782E-02
   8.11583519       3.23348418E-02
   8.13978481       2.07723230E-02
   8.16373444       8.56259838E-03
   8.18768311       6.87196944E-03
   8.21163177       1.43847931E-02
   8.23558140       2.02125125E-02
   8.25953102       2.07218602E-02
   8.28347969       8.03276896E-03
   8.30742836       6.47330750E-03
   8.33137798       6.83245156E-03
   8.35532761       1.87902898E-02
   8.37927628       1.93393473E-02
   8.40322495       7.48636667E-03
   8.42717552       2.45725410E-03
   8.45112419       3.16653284E-03
   8.47507286       1.04405191E-02
   8.49902248       2.03110650E-02
   8.52297115       1.19394138E-02
   8.54692078       3.57853295E-03
   8.57086945       5.02536073E-04
   8.59481907       3.61463334E-03
   8.61876774       9.77702811E-03
   8.64271736       1.07293157E-02
   8.66666603       5.21626184E-03
   8.69061565       1.14043278E-03
   8.71456528       2.56283348E-03
   8.73851395       9.08053480E-03
   8.76246357       1.33782830E-02
   8.78641224       5.78548992E-03
   8.81036186       2.40700610E-04
   8.83431053       6.06320042E-04
   8.85826015       3.25574144E-03
   8.88220882       1.06365737E-02
   8.90615845       7.75552075E-03
   8.93010712       1.38924777E-04
   8.95405674       1.01190200E-03
   8.97800541       9.64204140E-04
   9.00195503       8.27983953E-03
   9.02590370       6.70431834E-03
   9.04985332       3.17914668E-03
   9.07380199       7.87216140E-06
   9.09775162       2.06959900E-04
   9.12170029       2.45769531E-03
   9.14564991       6.83734985E-03
   9.16959858       3.15481494E-03
   9.19354820       3.11734693E-05
   9.21749783       7.66658806E-04
   9.24144650       1.68331736E-03
   9.26539612       7.48929055E-03
   9.28934479       5.73292794E-03
   9.31329441       2.54580897E-04
   9.33724308       1.41890859E-03
   9.36119270       4.61217633E-06
   9.38514137       1.71915255E-03
   9.40909100       4.06351080E-03
   9.43303967       2.29867687E-03
   9.45698929       5.47554591E-05
   9.48093796       1.09034037E-04
   9.50488758       3.79263394E-04
   9.52883625       4.35990980E-03
   9.55278587       3.40807321E-03
   9.57673454       1.72821892E-04
   9.60068417       1.17046270E-03
   9.62463284       6.29677961E-05
   9.64858246       2.76839966E-03
   9.67253113       2.61675543E-03
   9.69648075       1.35182709E-04
   9.72043037       2.55128788E-03
   9.74437904       5.54464874E-04
   9.76832867       7.90269187E-05
   9.79227734       3.33857746E-03
   9.81622696       1.09767797E-03
   9.84017563       2.68230680E-04
   9.86412525       1.37528230E-03
   9.88807392       2.60231638E-04
   9.91202354       8.61454988E-04
   9.93597221       1.88073248E-03
   9.95992184       1.08385866E-04
   9.98387051       7.19018863E-04
   10.0078201       1.44163831E-04
   10.0317688       1.46163802E-03
   10.0557184       3.97214619E-03
   10.0796671       8.89860501E-04
   10.1036167       1.25399069E-03
   10.1275654       1.45747233E-03
   10.1515150       2.22553499E-04
   10.1754637       1.27714686E-03
   10.1994133       1.33902696E-03
   10.2233629       8.15470528E-04
   10.2473116       1.99447153E-03
   10.2712612       9.88057582E-04
   10.2952099       1.48323059E-04
   10.3191595       2.95967096E-03
   10.3431082       4.95574670E-04
   10.3670578       1.23224873E-03
   10.3910065       5.00780123E-04
   10.4149561       4.89138256E-05
   10.4389048       3.24291456E-03
   10.4628544       1.30647793E-04
   10.4868031       1.24378735E-03
   10.5107527       2.20664451E-03
   10.5347013       1.38890246E-04
   10.5586510       3.28548020E-03
   10.5825996       1.80582318E-03
   10.6065493       1.11801247E-03
   10.6304979       2.63321213E-03
   10.6544476       2.08386756E-03
   10.6783962       2.12378043E-04
   10.7023458       1.10955432E-03
   10.7262955       1.18598204E-04
   10.7502441       1.08617474E-03
   10.7741938       2.28602556E-03
   10.7981424       5.64267859E-04
   10.8220921       2.37227418E-03
   10.8460407       1.10092841E-03
   10.8699903       2.43342295E-03
   10.8939390       2.68599903E-03
   10.9178886       1.97303034E-05
   10.9418373       2.27743015E-03
   10.9657869       1.70407689E-03
   10.9897356       4.09107190E-04
   11.0136852       2.15882435E-03
   11.0376339       7.56437890E-04
   11.0615835       5.36889638E-05
   11.0855322       2.50050100E-03
   11.1094818       5.56518207E-04
   11.1334305       6.83380931E-04
   11.1573801       2.23998749E-03
   11.1813288       1.46276470E-05
   11.2052784       2.02404475E-03
   11.2292271       6.26768044E-04
   11.2531767       7.97036220E-04
   11.2771263       1.40371302E-03
   11.3010750       3.14935693E-04
   11.3250246       1.71269523E-03
   11.3489733       2.40032823E-04
   11.3729229       7.03305486E-05
   11.3968716       1.07880274E-03
   11.4208212       1.59081677E-03
   11.4447699       8.24480812E-05
   11.4687195       3.43353167E-04
   11.4926682       1.16222736E-03
   11.5166178       2.83776171E-04
   11.5405664       1.13254320E-03
   11.5645161       5.93113247E-04
   11.5884647       2.34729843E-04
   11.6124144       2.98159197E-04
   11.6363630       1.28529546E-05
   11.6603127       1.08335074E-03
   11.6842613       4.85736746E-06
   11.7082109       4.17127623E-04
   11.7321596       1.31683983E-03
   11.7561092       4.44688369E-04
   11.7800589       7.06278835E-04
   11.8040075       5.39556262E-04
   11.8279572       1.54159388E-05
   11.8519058       9.41857696E-04
   11.8758554       1.24487118E-03
   11.8998041       1.01461075E-03
   11.9237537       9.36227734E-04
   11.9477024       3.06368893E-04
   11.9716520       1.61808828E-04
   11.9956007       5.87891787E-04
   12.0195503       1.29512671E-04
   12.0434990       8.51836812E-04
   12.0674486       2.98228522E-04
   12.0913973       7.88059606E-06
   12.1153469       1.98033391E-04
   12.1392956       2.05199147E-04
   12.1632452       1.93612097E-04
   12.1871939       4.20394063E-04
   12.2111435       5.11885795E-04
   12.2350922       5.09731646E-04
   12.2590418       3.78771452E-04
   12.2829914       9.38422629E-04
   12.3069401       3.81901591E-05
   12.3308897       4.24554601E-04
   12.3548384       5.41310117E-04
   12.3787880       7.13757647E-04
   12.4027367       5.93237812E-04
   12.4266863       1.59451476E-04
   12.4506350       3.54053976E-04
   12.4745846       3.87235894E-04
   12.4985332       5.40264118E-05
   12.5224829       3.35364661E-04
   12.5464315       1.00024605E-04
   12.5703812       4.08369000E-04
   12.5943298       6.82064041E-04
   12.6182795       1.42015482E-03
   12.6422281       6.20081555E-04
   12.6661777       1.67272799E-03
   12.6901264       1.98244117E-03
   12.7140760       8.97939026E-04
   12.7380247       1.13632844E-03
   12.7619743       3.10305550E-05
   12.7859240       2.25164765E-03
   12.8098726       1.53102749E-03
   12.8338223       1.39260956E-04
   12.8577709       8.35187966E-04
   12.8817205       3.46169225E-04
   12.9056692       1.74698696E-04
   12.9296188       9.51901427E-04
   12.9535675       4.88101505E-04
   12.9775171       3.10286676E-04
   13.0014658       2.45762989E-03
   13.0254154       4.77386406E-04
   13.0493641       2.08136113E-03
   13.0733137       1.86968222E-03
   13.0972624       1.14956265E-03
   13.1212120       4.18716762E-03
   13.1451607       1.31459977E-03
   13.1691103       1.19369058E-03
   13.1930590       2.45621381E-03
   13.2170086       6.82818645E-04
   13.2409573       1.10479316E-03
   13.2649069       1.23128970E-03
   13.2888565       1.72391010E-05
   13.3128052       1.17721024E-03
   13.3367548       1.76763569E-03
   13.3607035       8.26136849E-04
   13.3846531       4.96270834E-04
   13.4086018       2.86735187E-04
   13.4325514       2.34046066E-03
   13.4565001       3.83241870E-03
   13.4804497       5.28169679E-04
   13.5043983       3.61482101E-03
   13.5283480       5.69670461E-04
   13.5522966       7.16196722E-04
   13.5762463       4.28272551E-03
   13.6001949       3.57324141E-04
   13.6241446       4.64006996E-04
   13.6480932       1.29066780E-03
   13.6720428       9.06134010E-05
   13.6959915       1.95271499E-03
   13.7199411       1.36078475E-03
   13.7438898       3.68879628E-05
   13.7678394       1.57859782E-03
   13.7917891       4.42599005E-04
   13.8157377       1.09822664E-03
   13.8396873       2.14616186E-03
   13.8636360       3.82413476E-04
   13.8875856       3.37617472E-03
   13.9115343       2.67668441E-03
   13.9354839       7.53540371E-04
   13.9594326       2.05349503E-03
   13.9833822       8.77694692E-04
   14.0073309       9.69524495E-04
   14.0312805       1.72674609E-03
   14.0552292       5.75950718E-04
   14.0791788       1.33660529E-03
   14.1031275       3.10873310E-03
   14.1270771       4.27275081E-04
   14.1510258       1.42709212E-03
   14.1749754       1.14641280E-03
   14.1989241       1.57577342E-05
   14.2228737       3.48863425E-03
   14.2468224       2.52007012E-04
   14.2707720       5.46399620E-04
   14.2947216       2.16634641E-03
   14.3186703       4.83341923E-04
   14.3426199       4.35652863E-03
   14.3665686       1.39706815E-03
   14.3905182       3.54164455E-04
   14.4144669       3.85737768E-03
   14.4384165       1.08544133E-03
   14.4623652       5.35607163E-04
   14.4863148       3.27208475E-03
   14.5102634       1.05957338E-03
   14.5342131       5.68108400E-04
   14.5581617       2.27985927E-03
   14.5821114       4.22703961E-05
   14.6060600       1.45752565E-03
   14.6300097       1.74443331E-03
   14.6539583       8.87758157E-04
   14.6779079       2.26162304E-03
   14.7018566       2.74556369E-04
   14.7258062       1.90124242E-03
   14.7497549       9.50493210E-04
   14.7737045       1.54963360E-04
   14.7976532       1.31241232E-03
   14.8216028       1.85581960E-03
   14.8455524       3.57001409E-04
   14.8695011       2.40663160E-03
   14.8934507       6.68873952E-04
   14.9173994       1.14060682E-03
   14.9413490       4.05488908E-03
   14.9652977       3.92022834E-04
   14.9892473       1.07381423E-03
   15.0131960       1.16180500E-03
   15.0371456       4.15408067E-05
   15.0610943       1.18015695E-03
   15.0850439       8.97673658E-07
   15.1089926       9.72121081E-04
   15.1329422       1.27801916E-03
   15.1568909       4.85375698E-04
   15.1808405       6.90985355E-04
   15.2047892       1.28697255E-03
   15.2287388       3.25720001E-04
   15.2526875       2.08145427E-03
   15.2766371       3.08487751E-03
   15.3005857       8.27514275E-04
   15.3245354       1.97972893E-03
   15.3484850       1.06225361E-03
   15.3724337       9.51749214E-04
   15.3963833       2.36566132E-03
   15.4203320       1.70316343E-04
   15.4442816       2.06396403E-03
   15.4682302       6.50706701E-04
   15.4921799       7.86298988E-05
   15.5161285       8.82154738E-04
   15.5400782       1.25558232E-03
   15.5640268       4.49315296E-04
   15.5879765       1.55042310E-03
   15.6119251       5.96705824E-04
   15.6358747       2.50689499E-03
   15.6598234       2.68454547E-03
   15.6837730       2.97813996E-04
   15.7077217       3.08073126E-03
   15.7316713       2.24059867E-03
   15.7556200       6.48706569E-04
   15.7795696       2.01624259E-03
   15.8035183       8.96417652E-04
   15.8274679       3.13933560E-04
   15.8514175       1.84579939E-03
   15.8753662       3.05557041E-04
   15.8993158       3.14914883E-04
   15.9232645       1.34791108E-03
   15.9472141       1.69739040E-04
   15.9711628       1.13394042E-03
   15.9951124       1.59406092E-03
   16.0190620       5.23114344E-04
   16.0430107       3.68974521E-03
   16.0669594       2.20784638E-03
   16.0909081       4.07330808E-04
   16.1148567       1.46180997E-03
   16.1388073       2.18537025E-04
   16.1627560       2.24368926E-03
   16.1867065       1.89196155E-03
   16.2106552       1.28948413E-05
   16.2346039       1.28001359E-03
   16.2585526       1.25956500E-03
   16.2825012       1.11379093E-04
   16.3064499       7.27035338E-04
   16.3304005       9.52690374E-04
   16.3543510       3.50481452E-04
   16.3782997       1.13106566E-03
   16.4022484       3.66712164E-04
   16.4261971       1.14086375E-03
   16.4501457       1.46016595E-04
   16.4740944       8.59663996E-05
   16.4980450       3.14104720E-03
   16.5219936       2.44342227E-04
   16.5459423       5.61573077E-04
   16.5698929       7.66442739E-04
   16.5938416       1.09895613E-04
   16.6177902       6.07934315E-04
   16.6417389       4.69510327E-04
   16.6656895       6.57766999E-04
   16.6896381       4.16871655E-04
   16.7135868       5.22045651E-04
   16.7375355       9.13797994E-05
   16.7614861       6.20711653E-04
   16.7854347       1.44872974E-04
   16.8093834       3.51532479E-04
   16.8333321       3.24637076E-04
   16.8572826       7.01144963E-05
   16.8812313       2.81029148E-04
   16.9051800       4.06261155E-04
   16.9291306       4.97899367E-04
   16.9530792       7.39530427E-04
   16.9770279       9.85514023E-04
   17.0009766       4.46445541E-04
   17.0249271       9.23161628E-04
   17.0488758       4.78434114E-04
   17.0728245       2.35788786E-04
   17.0967731       7.13486050E-04
   17.1207237       7.80648144E-04
   17.1446724       2.84071575E-04
   17.1686211       1.30890490E-04
   17.1925697       9.52169998E-04
   17.2165203       1.02048660E-04
   17.2404690       2.62876565E-04
   17.2644176       2.40908252E-04
   17.2883663       2.02594470E-04
   17.3123169       7.64107564E-04
   17.3362656       4.05870174E-04
   17.3602142       1.85497731E-04
   17.3841648       2.98024883E-04
   17.4081135       1.33282359E-04
   17.4320621       1.31976756E-03
   17.4560108       1.43444049E-03
   17.4799614       6.71960064E-04
   17.5039101       1.05789211E-03
   17.5278587       7.53011031E-04
   17.5518074       1.32912281E-03
   17.5757580       7.16001086E-04
   17.5997066       6.95104129E-04
   17.6236553       5.63028792E-04
   17.6476040       9.90130822E-04
   17.6715546       1.88923150E-04
   17.6955032       4.17680596E-04
   17.7194519       7.50210835E-04
   17.7434006       9.03130131E-05
   17.7673512       7.96078297E-04
   17.7912998       7.26329687E-04
   17.8152485       9.43709398E-04
   17.8391972       1.61518413E-03
   17.8631477       1.26172788E-04
   17.8870964       2.07928661E-03
   17.9110451       1.74344482E-03
   17.9349957       1.33925878E-05
   17.9589443       1.63583690E-03
   17.9828930       3.11202224E-04
   18.0068417       5.25345036E-04
   18.0307922       2.68407445E-03
   18.0547409       7.69339502E-04
   18.0786896       1.05710246E-03
   18.1026382       1.28163910E-03
   18.1265888       1.11504094E-04
   18.1505375       2.49849225E-04
   18.1744862       6.29705610E-04
   18.1984348       1.51792611E-03
   18.2223854       3.31737637E-03
   18.2463341       1.61703932E-03
   18.2702827       1.95852015E-03
   18.2942314       2.52093910E-03
   18.3181820       1.20966142E-04
   18.3421307       3.04577360E-03
   18.3660793       1.14212034E-03
   18.3900299       2.52919912E-04
   18.4139786       2.38117436E-03
   18.4379272       8.39988410E-04
   18.4618759       2.68783624E-04
   18.4858265       2.05456628E-03
   18.5097752       5.60791290E-04
   18.5337238       2.10425258E-03
   18.5576725       2.23662169E-03
   18.5816231       8.69441938E-05
   18.6055717       3.02220159E-03
   18.6295204       1.21319038E-03
   18.6534691       5.21229638E-04
   18.6774197       4.80064237E-03
   18.7013683       2.69634620E-04
   18.7253170       1.43312407E-03
   18.7492657       2.40699830E-03
   18.7732162       6.78041251E-05
   18.7971649       3.11413314E-03
   18.8211136       2.30880245E-03
   18.8450623       1.45861384E-04
   18.8690128       2.60678492E-03
   18.8929615       1.29563955E-03
   18.9169102       8.15318432E-04
   18.9408607       3.50766792E-03
   18.9648094       2.33410959E-04
   18.9887581       2.21632095E-03
   19.0127068       2.33318424E-03
   19.0366573       2.36082444E-04
   19.0606060       2.67925882E-03
   19.0845547       1.70271058E-04
   19.1085033       1.62208499E-03
   19.1324539       2.50679441E-03
   19.1564026       4.05598083E-04
   19.1803513       1.38732372E-03
   19.2042999       1.67542091E-03
   19.2282505       1.67270409E-04
   19.2521992       2.56867497E-03
   19.2761478       1.59487117E-03
   19.3000965       2.65732117E-04
   19.3240471       2.15681433E-03
   19.3479958       3.62778868E-04
   19.3719444       2.98591331E-04
   19.3958931       1.96109503E-03
   19.4198437       7.03464320E-04
   19.4437923       1.96021213E-03
   19.4677410       1.16501539E-03
   19.4916916       9.75451258E-04
   19.5156403       2.62697437E-03
   19.5395889       2.33576240E-04
   19.5635376       7.05413637E-04
   19.5874882       2.39740172E-03
   19.6114368       4.21156641E-04
   19.6353855       8.58596526E-04
   19.6593342       1.16114237E-03
   19.6832848       3.20399064E-04
   19.7072334       1.21268071E-03
   19.7311821       5.90920215E-04
   19.7551308       5.01126691E-04
   19.7790813       1.41234649E-03
   19.8030300       1.36857328E-04
   19.8269787       2.04036268E-03
   19.8509274       7.13589077E-04
   19.8748779       1.21801277E-04
   19.8988266       2.66172830E-03
   19.9227753       7.36196409E-04
   19.9467258       8.42164154E-04
   19.9706745       7.08186300E-04
   19.9946232       3.37356818E-04
   20.0185719       1.70331844E-03
   20.0425224       2.81642959E-03
   20.0664711       4.62341850E-04
   20.0904198       7.13661779E-04
   20.1143684       2.78131012E-03
   20.1383190       3.38485290E-04
   20.1622677       1.86536682E-03
   20.1862164       4.29124833E-04
   20.2101650       5.21293608E-04
   20.2341156       2.26991810E-03
   20.2580643       1.03608065E-04
   20.2820129       1.57593680E-03
   20.3059616       3.63434054E-04
   20.3299122       7.61363422E-04
   20.3538609       2.95373658E-03
   20.3778095       1.39541610E-03
   20.4017582       1.24798878E-03
   20.4257088       2.35474366E-03
   20.4496574       1.38656062E-03
   20.4736061       2.34082597E-03
   20.4975567       2.04721582E-03
   20.5215054       1.83606491E-04
   20.5454540       2.38367822E-03
   20.5694027       8.25002673E-04
   20.5933533       2.84125039E-04
   20.6173019       1.75589346E-03
   20.6412506       1.44014339E-04
   20.6651993       1.64545293E-03
   20.6891499       1.05283537E-03
   20.7130985       2.11706167E-04
   20.7370472       1.55850803E-03
   20.7609959       5.48574259E-04
   20.7849464       3.25332687E-04
   20.8088951       2.65491428E-03
   20.8328438       1.44418981E-03
   20.8567924       7.15292990E-04
   20.8807430       4.83199302E-03
   20.9046917       1.20709752E-04
   20.9286404       1.47631927E-03
   20.9525909       1.33881392E-03
   20.9765396       1.26518076E-04
   21.0004883       1.71533879E-03
   21.0244370       9.04063636E-05
   21.0483875       1.26606796E-03
   21.0723362       1.44062529E-03
   21.0962849       1.34517659E-05
   21.1202335       1.33299362E-03
   21.1441841       3.30957671E-04
   21.1681328       8.92062453E-05
   21.1920815       1.32554211E-03
   21.2160301       3.37947829E-04
   21.2399807       1.20725017E-03
   21.2639294       2.91001587E-03
   21.2878780       5.17109293E-04
   21.3118267       7.22688506E-04
   21.3357773       1.63415831E-03
   21.3597260       3.81329191E-05
   21.3836746       1.14912027E-03
   21.4076233       3.97055177E-04
   21.4315739       1.60138443E-05
   21.4555225       8.88935640E-04
   21.4794712       1.35331589E-04
   21.5034218       1.13878334E-04
   21.5273705       7.27041974E-04
   21.5513191       7.90619888E-05
   21.5752678       2.88816867E-04
   21.5992184       8.22142116E-04
   21.6231670       4.95369895E-04
   21.6471157       7.72199244E-04
   21.6710644       1.43485144E-03
   21.6950150       6.23811735E-04
   21.7189636       2.07894528E-03
   21.7429123       1.39836990E-03
   21.7668610       8.12903090E-05
   21.7908115       9.95482551E-04
   21.8147602       1.37710289E-04
   21.8387089       1.97354282E-04
   21.8626575       8.77288752E-04
   21.8866081       1.06878761E-04
   21.9105568       3.48604117E-05
   21.9345055       1.31476845E-04
   21.9584541       3.23427084E-05
   21.9824047       2.23522962E-04
   22.0063534       5.50119148E-04
   22.0303020       1.16362193E-04
   22.0542526       1.32091949E-03
   22.0782013       9.27835761E-04
   22.1021500       4.90415434E-04
   22.1260986       5.87948482E-04
   22.1500492       4.24724203E-05
   22.1739979       5.73753903E-04
   22.1979465       1.48244272E-03
   22.2218952       1.03829871E-05
   22.2458458       3.42691492E-04
   22.2697945       5.82604669E-04
   22.2937431       2.09182152E-04
   22.3176918       8.36097519E-04
   22.3416424       3.94092320E-04
   22.3655910       1.70607920E-04
   22.3895397       1.97954150E-03
   22.4134884       1.52377959E-03
   22.4374390       1.03382903E-04
   22.4613876       2.55085441E-04
   22.4853363       2.17588036E-04
   22.5092869       7.11441506E-04
   22.5332355       2.68007600E-04
   22.5571842       5.74172263E-05
   22.5811329       1.04680774E-03
   22.6050835       6.06043905E-04
   22.6290321       1.49156782E-04
   22.6529808       1.61165930E-03
   22.6769295       6.00310508E-04
   22.7008801       1.54282228E-04
   22.7248287       1.74746173E-03
   22.7487774       8.35316023E-04
   22.7727261       6.45276275E-04
   22.7966766       3.25921318E-03
   22.8206253       3.10420110E-05
   22.8445740       1.08549884E-03
   22.8685226       2.44705501E-04
   22.8924732       5.90174692E-04
   22.9164219       2.20963871E-03
   22.9403706       1.37052557E-04
   22.9643192       1.04014692E-03
   22.9882698       1.90604117E-03
   23.0122185       4.96605528E-04
   23.0361671       1.77770096E-03
   23.0601177       1.31315901E-03
   23.0840664       7.82558578E-04
   23.1080151       2.74322880E-03
   23.1319637       2.35620327E-03
   23.1559143       1.22631306E-03
   23.1798630       2.24794820E-03
   23.2038116       6.88160144E-05
   23.2277603       1.64022692E-03
   23.2517109       1.82387629E-03
   23.2756596       5.18821995E-04
   23.2996082       2.52970518E-03
   23.3235569       6.20296516E-04
   23.3475075       6.34961529E-04
   23.3714561       2.95602623E-03
   23.3954048       2.34700303E-04
   23.4193535       2.36773677E-03
   23.4433041       2.79364688E-03
   23.4672527       2.84561684E-04
   23.4912014       1.71967945E-03
   23.5151520       2.01913947E-03
   23.5391006       3.47896945E-04
   23.5630493       4.83777560E-03
   23.5869980       6.30802533E-04
   23.6109486       1.39151968E-03
   23.6348972       2.88258935E-03
   23.6588459       2.64508508E-05
   23.6827946       2.60986295E-03
   23.7067451       9.11455485E-04
   23.7306938       7.51607004E-04
   23.7546425       1.78078352E-03
   23.7785912       3.55014519E-04
   23.8025417       2.40549073E-03
   23.8264904       7.29546766E-04
   23.8504391       2.52893107E-04
   23.8743877       2.19565816E-03
   23.8983383       2.52075354E-03
   23.9222870       1.85607540E-04
   23.9462357       2.22827867E-03
   23.9701843       1.72067666E-03
   23.9941349       8.24459014E-04
   24.0180836       3.33795208E-03
   24.0420322       1.15838950E-04
   24.0659828       6.16186997E-04
   24.0899315       9.66610969E-04
   24.1138802       6.09657800E-05
   24.1378288       1.88029883E-03
   24.1617794       1.58716230E-05
   24.1857281       5.80274034E-04
   24.2096767       1.51058671E-03
   24.2336254       3.85859341E-04
   24.2575760       1.13287102E-03
   24.2815247       2.68116803E-03
   24.3054733       5.76960156E-04
   24.3294220       2.93854554E-03
   24.3533726       3.35482322E-03
   24.3773212       3.91246285E-04
   24.4012699       2.69925152E-03
   24.4252186       8.31649581E-04
   24.4491692       5.70694567E-04
   24.4731178       9.89178545E-04
   24.4970665       6.06421891E-05
   24.5210171       3.18531017E-03
   24.5449657       1.05785206E-03
   24.5689144       2.55298306E-04
   24.5928631       1.58840395E-03
   24.6168137       4.46397287E-04
   24.6407623       3.59419500E-04
   24.6647110       2.27295235E-03
   24.6886597       1.00397074E-03
   24.7126102       2.49337917E-03
   24.7365589       4.16648481E-03
   24.7605076       1.94628752E-04
   24.7844563       4.18251287E-03
   24.8084068       1.87615864E-03
   24.8323555       9.60654579E-05
   24.8563042       2.45802663E-03
   24.8802528       2.20882081E-04
   24.9042034       2.12487578E-03
   24.9281521       3.30566708E-03
   24.9521008       3.36946629E-04
   24.9760494       2.11357881E-04
   25.0000000       1.02070451E-03
