  0.500000000       5.93530240E-05
  0.523949146       1.68346203E-04
  0.547898352       2.14295942E-04
  0.571847498       1.71990294E-04
  0.595796704       1.83676457E-04
  0.619745851       1.90130231E-04
  0.643694997       2.62527989E-04
  0.667644143       1.40163611E-04
  0.691593349       1.19204764E-04
  0.715542555       2.32764403E-04
  0.739491701       2.74276768E-04
  0.763440847       4.01788246E-04
  0.787389994       4.14291077E-04
  0.811339200       5.91748452E-04
  0.835288346       6.50712173E-04
  0.859237552       8.51889374E-04
  0.883186698       8.03395116E-04
  0.907135844       7.36614573E-04
  0.931085050       6.95450930E-04
  0.955034196       8.91416043E-04
  0.978983402       1.03996438E-03
   1.00293255       1.33687630E-03
   1.02688169       1.59765151E-03
   1.05083084       1.97745883E-03
   1.07477999       2.42826063E-03
   1.09872913       3.20964144E-03
   1.12267840       3.14270030E-03
   1.14662755       3.28821223E-03
   1.17057669       3.07793543E-03
   1.19452596       4.05792240E-03
   1.21847510       4.71041910E-03
   1.24242425       4.51074541E-03
   1.26637340       4.86974372E-03
   1.29032254       6.15715282E-03
   1.31427169       7.76692340E-03
   1.33822083       9.38962121E-03
   1.36217010       9.02971998E-03
   1.38611925       9.70756635E-03
   1.41006839       1.07288184E-02
   1.43401766       1.24152992E-02
   1.45796680       1.35315331E-02
   1.48191595       1.37068341E-02
   1.50586510       1.56782940E-02
   1.52981424       1.80529729E-02
   1.55376339       2.02115793E-02
   1.57771254       2.24587508E-02
   1.60166180       2.51742788E-02
   1.62561095       2.68104728E-02
   1.64956009       3.02736070E-02
   1.67350924       3.39524299E-02
   1.69745839       3.80405299E-02
   1.72140765       4.01117839E-02
   1.74535680       4.23481353E-02
   1.76930594       4.66729365E-02
   1.79325509       5.17679751E-02
   1.81720424       5.49320951E-02
   1.84115338       5.92544079E-02
   1.86510265       6.44817054E-02
   1.88905180       7.14781359E-02
   1.91300094       7.57245794E-02
   1.93695009       7.75499120E-02
   1.96089923       8.12120885E-02
   1.98484850       8.99693966E-02
   2.00879765       9.59697813E-02
   2.03274679       9.91995707E-02
   2.05669594      0.104076326    
   2.08064508      0.113169231    
   2.10459423      0.123193480    
   2.12854338      0.133605555    
   2.15249252      0.140150115    
   2.17644167      0.149112016    
   2.20039082      0.157749757    
   2.22434020      0.166834697    
   2.24828935      0.177099839    
   2.27223849      0.185778335    
   2.29618764      0.194352672    
   2.32013679      0.202450961    
   2.34408593      0.217003435    
   2.36803532      0.226855665    
   2.39198446      0.240018204    
   2.41593361      0.247683600    
   2.43988276      0.257889748    
   2.46383190      0.273602784    
   2.48778105      0.282570839    
   2.51173019      0.287428945    
   2.53567934      0.295915127    
   2.55962849      0.311591595    
   2.58357763      0.325367957    
   2.60752678      0.331632078    
   2.63147593      0.343587339    
   2.65542507      0.356558830    
   2.67937446      0.370738894    
   2.70332360      0.379752606    
   2.72727275      0.390570253    
   2.75122190      0.398586810    
   2.77517104      0.411163360    
   2.79912019      0.421989709    
   2.82306933      0.429635644    
   2.84701848      0.440793127    
   2.87096763      0.449320972    
   2.89491677      0.455611497    
   2.91886592      0.468053639    
   2.94281530      0.478617489    
   2.96676445      0.487340242    
   2.99071360      0.487857521    
   3.01466274      0.495363295    
   3.03861189      0.506497204    
   3.06256104      0.507405043    
   3.08651018      0.503443241    
   3.11045933      0.498905987    
   3.13440847      0.508907974    
   3.15835762      0.516800225    
   3.18230677      0.520588815    
   3.20625615      0.522782385    
   3.23020530      0.527900219    
   3.25415444      0.534990668    
   3.27810359      0.538854837    
   3.30205274      0.537111759    
   3.32600188      0.529927015    
   3.34995103      0.528620601    
   3.37390018      0.525745988    
   3.39784932      0.525301933    
   3.42179847      0.526408911    
   3.44574785      0.526360810    
   3.46969700      0.526954710    
   3.49364614      0.524244905    
   3.51759529      0.524520338    
   3.54154444      0.516058385    
   3.56549358      0.500550926    
   3.58944273      0.490782291    
   3.61339188      0.485789418    
   3.63734102      0.477486074    
   3.66129017      0.464785546    
   3.68523932      0.456261158    
   3.70918870      0.454614103    
   3.73313785      0.455154389    
   3.75708699      0.444555283    
   3.78103614      0.432957739    
   3.80498528      0.421702653    
   3.82893443      0.416461468    
   3.85288358      0.403817922    
   3.87683272      0.390860260    
   3.90078187      0.376846194    
   3.92473102      0.373927802    
   3.94868040      0.368261635    
   3.97262955      0.358961463    
   3.99657869      0.350659907    
   4.02052784      0.342637777    
   4.04447699      0.334321469    
   4.06842613      0.326506078    
   4.09237528      0.313945860    
   4.11632442      0.302404732    
   4.14027357      0.285978228    
   4.16422272      0.277446568    
   4.18817186      0.271725714    
   4.21212101      0.267124563    
   4.23607063      0.253585845    
   4.26001930      0.240937889    
   4.28396893      0.235886082    
   4.30791759      0.234499425    
   4.33186722      0.226590291    
   4.35581589      0.213328928    
   4.37976551      0.201427191    
   4.40371418      0.196206614    
   4.42766380      0.187685996    
   4.45161247      0.179451510    
   4.47556210      0.172236517    
   4.49951124      0.167067379    
   4.52346039      0.161922455    
   4.54740953      0.155126259    
   4.57135868      0.150776684    
   4.59530783      0.143470675    
   4.61925697      0.136468485    
   4.64320612      0.127113909    
   4.66715527      0.122366272    
   4.69110441      0.115321182    
   4.71505356      0.108928554    
   4.73900270      0.105164081    
   4.76295185      0.102379918    
   4.78690100       9.97394174E-02
   4.81085014       9.47303548E-02
   4.83479929       8.72935131E-02
   4.85874891       8.28987807E-02
   4.88269806       7.85671249E-02
   4.90664721       7.35402107E-02
   4.93059635       6.58144355E-02
   4.95454550       6.35528043E-02
   4.97849464       6.30583614E-02
   5.00244379       6.26112297E-02
   5.02639294       5.76565973E-02
   5.05034208       5.47672212E-02
   5.07429123       5.27220741E-02
   5.09824038       5.08587398E-02
   5.12218952       4.76129130E-02
   5.14613867       4.41378951E-02
   5.17008781       4.06436622E-02
   5.19403696       3.75991538E-02
   5.21798611       3.49490158E-02
   5.24193525       3.41606699E-02
   5.26588440       3.22475061E-02
   5.28983355       3.04342546E-02
   5.31378269       2.79394090E-02
   5.33773184       2.62100101E-02
   5.36168146       2.69265343E-02
   5.38563061       2.35466901E-02
   5.40957975       2.06686929E-02
   5.43352890       1.91025604E-02
   5.45747805       1.87819153E-02
   5.48142719       1.78375095E-02
   5.50537634       1.53881833E-02
   5.52932549       1.46275032E-02
   5.55327463       1.46700442E-02
   5.57722378       1.49668381E-02
   5.60117292       1.40859755E-02
   5.62512207       1.25449840E-02
   5.64907122       1.17105320E-02
   5.67302036       1.08992914E-02
   5.69696951       1.00047989E-02
   5.72091866       8.37434735E-03
   5.74486780       8.37789290E-03
   5.76881695       8.02465808E-03
   5.79276609       7.81243015E-03
   5.81671524       7.41837360E-03
   5.84066439       7.47122243E-03
   5.86461353       7.20152259E-03
   5.88856316       6.44842070E-03
   5.91251230       5.78002539E-03
   5.93646145       5.34485932E-03
   5.96041059       4.13592439E-03
   5.98435974       3.01149534E-03
   6.00830889       2.64539197E-03
   6.03225803       3.06837563E-03
   6.05620718       3.04170651E-03
   6.08015633       2.64885509E-03
   6.10410547       2.53775343E-03
   6.12805462       2.70567322E-03
   6.15200377       3.13961902E-03
   6.17595291       2.64321617E-03
   6.19990206       1.83436158E-03
   6.22385120       1.46898860E-03
   6.24780035       1.55473617E-03
   6.27174950       1.41442264E-03
   6.29569864       1.12110400E-03
   6.31964779       1.14270090E-03
   6.34359694       1.28172000E-03
   6.36754608       1.41826808E-03
   6.39149570       1.27342343E-03
   6.41544485       1.05754531E-03
   6.43939400       9.25258501E-04
   6.46334314       4.92913707E-04
   6.48729229       3.51285446E-04
   6.51124144       4.31491178E-04
   6.53519058       5.38271619E-04
   6.55913973       3.69491667E-04
   6.58308887       2.44035546E-04
   6.60703802       3.34340642E-04
   6.63098717       4.91867715E-04
   6.65493631       4.37404320E-04
   6.67888546       2.75556929E-04
   6.70283461       1.42430072E-04
   6.72678375       1.56748283E-04
   6.75073290       1.80323361E-04
   6.77468204       1.53182569E-04
   6.79863119       1.34259535E-04
   6.82258034       1.30916378E-04
   6.84652948       1.84383636E-04
   6.87047863       2.63250666E-04
   6.89442825       2.21075577E-04
   6.91837740       2.87142087E-04
   6.94232655       2.84533482E-04
   6.96627569       2.19029142E-04
   6.99022484       4.02736070E-04
   7.01417398       3.89404013E-04
   7.03812313       2.87390983E-04
   7.06207228       2.60458648E-04
   7.08602142       2.87907082E-04
   7.10997057       4.13638336E-04
   7.13391972       4.22912883E-04
   7.15786886       3.45227541E-04
   7.18181801       2.14372485E-04
   7.20576715       1.88593083E-04
   7.22971630       2.51267513E-04
   7.25366545       3.17162019E-04
   7.27761459       2.63321388E-04
   7.30156374       2.05322751E-04
   7.32551289       2.47657590E-04
   7.34946203       3.74689698E-04
   7.37341118       4.13243019E-04
   7.39736080       1.64618672E-04
   7.42130995       1.42437770E-04
   7.44525909       1.69009450E-04
   7.46920824       2.73304177E-04
   7.49315739       1.75839174E-04
   7.51710653       9.22074832E-05
   7.54105568       1.69316176E-04
   7.56500483       2.50169658E-04
   7.58895397       3.31003306E-04
   7.61290312       2.78819120E-04
   7.63685226       2.18202447E-04
   7.66080141       3.25966568E-04
   7.68475056       2.67863943E-04
   7.70869970       2.38722831E-04
   7.73264885       2.38949127E-04
   7.75659800       2.46428302E-04
   7.78054714       2.44859199E-04
   7.80449629       3.49224894E-04
   7.82844543       5.63383393E-04
   7.85239458       3.87404638E-04
   7.87634373       2.82862136E-04
   7.90029287       2.02066236E-04
   7.92424250       3.96955176E-04
   7.94819164       3.25839617E-04
   7.97214079       1.01417587E-04
   7.99608994       3.97834228E-05
   8.02003860       4.86062927E-05
   8.04398823       1.39474956E-04
   8.06793785       1.40457356E-04
   8.09188652       7.33783090E-05
   8.11583519       1.12526977E-04
   8.13978481       2.48298078E-04
   8.16373444       3.77658464E-04
   8.18768311       2.22027593E-04
   8.21163177       2.45617673E-04
   8.23558140       9.19524537E-05
   8.25953102       5.76793245E-05
   8.28347969       3.33232965E-05
   8.30742836       6.32938900E-05
   8.33137798       1.38999589E-04
   8.35532761       1.15121322E-04
   8.37927628       1.41805926E-04
   8.40322495       2.79067463E-04
   8.42717552       3.63247556E-04
   8.45112419       2.95177888E-04
   8.47507286       1.08490967E-04
   8.49902248       6.91089954E-05
   8.52297115       6.47009801E-05
   8.54692078       6.25847970E-05
   8.57086945       3.24455177E-05
   8.59481907       7.23084270E-07
   8.61876774       5.70006414E-05
   8.64271736       5.98467377E-05
   8.66666603       4.70218583E-05
   8.69061565       2.30859205E-05
   8.71456528       1.08181157E-04
   8.73851395       9.94967704E-05
   8.76246357       3.06923394E-05
   8.78641224       3.42789681E-05
   8.81036186       1.59342817E-05
   8.83431053       4.36248738E-05
   8.85826015       5.84059089E-05
   8.88220882       1.53644884E-04
   8.90615845       2.08946673E-04
   8.93010712       2.67022289E-04
   8.95405674       2.63582682E-04
   8.97800541       1.85919387E-04
   9.00195503       1.17367708E-04
   9.02590370       5.75425438E-05
   9.04985332       4.95280528E-06
   9.07380199       1.64332278E-06
   9.09775162       3.02289845E-05
   9.12170029       1.57677950E-05
   9.14564991       3.25211613E-06
   9.16959858       2.06764817E-05
   9.19354820       1.46851613E-04
   9.21749783       1.26895931E-04
   9.24144650       2.78038442E-05
   9.26539612       3.18121465E-07
   9.28934479       8.84079611E-07
   9.31329441       3.49888273E-06
   9.33724308       3.08636800E-06
   9.36119270       5.10100017E-06
   9.38514137       1.38553305E-05
   9.40909100       6.12264412E-05
   9.43303967       5.39147695E-05
   9.45698929       8.78605351E-05
   9.48093796       1.10728237E-04
   9.50488758       1.07615560E-04
   9.52883625       7.57139060E-05
   9.55278587       5.64761922E-06
   9.57673454       2.10101862E-05
   9.60068417       1.01257556E-05
   9.62463284       1.92875109E-06
   9.64858246       1.95720941E-06
   9.67253113       2.74263257E-05
   9.69648075       4.65327175E-05
   9.72043037       1.90259634E-05
   9.74437904       1.91153504E-06
   9.76832867       2.38234115E-05
   9.79227734       2.29179459E-05
   9.81622696       7.41521144E-05
   9.84017563       9.16813151E-05
   9.86412525       4.64231925E-05
   9.88807392       2.28824615E-06
   9.91202354       7.39221059E-06
   9.93597221       2.60032066E-05
   9.95992184       3.00944012E-05
   9.98387051       8.16046377E-05
   10.0078201       2.40790050E-05
   10.0317688       1.55143243E-06
   10.0557184       3.55624143E-05
   10.0796671       7.69760300E-06
   10.1036167       1.09253087E-05
   10.1275654       5.58310858E-05
   10.1515150       2.95299724E-05
   10.1754637       8.64137928E-06
   10.1994133       4.05039600E-06
   10.2233629       5.50447749E-06
   10.2473116       1.82174372E-05
   10.2712612       2.39695873E-05
   10.2952099       2.60284679E-07
   10.3191595       3.98445809E-05
   10.3431082       6.56292323E-05
   10.3670578       3.32814998E-05
   10.3910065       7.65564328E-05
   10.4149561       1.11948335E-04
   10.4389048       1.00348872E-04
   10.4628544       7.08991456E-06
   10.4868031       1.31481593E-05
   10.5107527       4.96671692E-06
   10.5347013       2.38257212E-06
   10.5586510       1.78616101E-05
   10.5825996       2.28549106E-06
   10.6065493       1.07499154E-05
   10.6304979       2.92880468E-05
   10.6544476       1.28992942E-05
   10.6783962       7.08043785E-07
   10.7023458       1.10167648E-05
   10.7262955       3.31712654E-05
   10.7502441       2.29309444E-05
   10.7741938       5.22974224E-05
   10.7981424       2.81132925E-05
   10.8220921       7.04404647E-06
   10.8460407       6.65788457E-06
   10.8699903       6.45554678E-07
   10.8939390       2.86880677E-05
   10.9178886       2.22320086E-05
   10.9418373       1.61935095E-05
   10.9657869       9.72188445E-06
   10.9897356       2.24827763E-05
   11.0136852       2.88282281E-05
   11.0376339       1.54673035E-05
   11.0615835       4.76905916E-05
   11.0855322       6.24327004E-06
   11.1094818       1.77343918E-05
   11.1334305       1.42560857E-05
   11.1573801       1.98720172E-05
   11.1813288       7.25546997E-05
   11.2052784       7.04986160E-05
   11.2292271       5.47760737E-06
   11.2531767       2.35517273E-05
   11.2771263       3.13926721E-05
   11.3010750       1.73811586E-05
   11.3250246       3.88428853E-05
   11.3489733       5.62614587E-05
   11.3729229       8.00847192E-06
   11.3968716       1.75089008E-05
   11.4208212       5.43111382E-05
   11.4447699       2.26999873E-05
   11.4687195       3.84446030E-05
   11.4926682       7.08322186E-05
   11.5166178       1.65836118E-05
   11.5405664       1.85342906E-05
   11.5645161       1.11127720E-05
   11.5884647       4.64122277E-05
   11.6124144       1.89521306E-05
   11.6363630       7.18177853E-06
   11.6603127       5.12136976E-05
   11.6842613       8.32195874E-05
   11.7082109       4.40671611E-05
   11.7321596       6.85690338E-06
   11.7561092       1.85956997E-05
   11.7800589       1.29647424E-05
   11.8040075       3.40513870E-05
   11.8279572       3.98239499E-05
   11.8519058       2.23636762E-05
   11.8758554       5.55000838E-07
   11.8998041       1.07685946E-05
   11.9237537       2.64617265E-05
   11.9477024       1.69100622E-05
   11.9716520       6.09707286E-06
   11.9956007       2.26929315E-05
   12.0195503       1.68557945E-05
   12.0434990       2.43070917E-05
   12.0674486       6.71153657E-06
   12.0913973       1.12799216E-06
   12.1153469       1.25518900E-05
   12.1392956       1.06214084E-05
   12.1632452       2.91562937E-05
   12.1871939       6.70207555E-06
   12.2111435       3.30230832E-05
   12.2350922       6.08477494E-05
   12.2590418       6.30784853E-05
   12.2829914       8.33304584E-05
   12.3069401       2.11839088E-05
   12.3308897       8.80334665E-06
   12.3548384       2.24722953E-05
   12.3787880       5.65162154E-05
   12.4027367       4.79995688E-05
   12.4266863       1.35984310E-05
   12.4506350       1.53669725E-06
   12.4745846       1.99278493E-05
   12.4985332       2.95076234E-06
   12.5224829       1.84793280E-05
   12.5464315       7.41144977E-05
   12.5703812       1.42851233E-04
   12.5943298       2.05679353E-05
   12.6182795       8.45418162E-06
   12.6422281       2.19585017E-05
   12.6661777       1.62489214E-05
   12.6901264       9.17785201E-07
   12.7140760       9.15717192E-06
   12.7380247       6.48837204E-06
   12.7619743       2.60453362E-05
   12.7859240       9.63677885E-05
   12.8098726       3.79358971E-05
   12.8338223       5.05789467E-05
   12.8577709       4.55146946E-05
   12.8817205       1.96421661E-05
   12.9056692       2.28646604E-06
   12.9296188       6.59759189E-06
   12.9535675       1.88456506E-05
   12.9775171       3.06550282E-05
   13.0014658       1.98894813E-05
   13.0254154       9.38714311E-06
   13.0493641       3.47759524E-05
   13.0733137       1.27904050E-05
   13.0972624       9.62222566E-06
   13.1212120       3.53902142E-05
   13.1451607       1.22581896E-05
   13.1691103       1.88096692E-06
   13.1930590       1.21146359E-05
   13.2170086       4.68657745E-05
   13.2409573       3.96555552E-05
   13.2649069       3.85529859E-07
   13.2888565       2.93547913E-07
   13.3128052       8.80787502E-06
   13.3367548       1.70979954E-04
   13.3607035       1.54208392E-04
   13.3846531       3.93425944E-05
   13.4086018       8.11128120E-06
   13.4325514       1.57106615E-06
   13.4565001       6.14909197E-07
   13.4804497       1.15111998E-05
   13.5043983       4.94497544E-05
   13.5283480       3.46842789E-05
   13.5522966       9.91190609E-06
   13.5762463       6.18473769E-06
   13.6001949       1.83727498E-05
   13.6241446       5.11102153E-05
   13.6480932       7.31176669E-06
   13.6720428       1.44862577E-06
   13.6959915       3.08371018E-05
   13.7199411       3.09686402E-06
   13.7438898       7.66621497E-07
   13.7678394       2.02296542E-05
   13.7917891       1.84411765E-05
   13.8157377       4.56942907E-05
   13.8396873       1.20082783E-04
   13.8636360       4.37058916E-05
   13.8875856       9.87383191E-06
   13.9115343       4.31328044E-05
   13.9354839       3.78546247E-06
   13.9594326       7.60704415E-06
   13.9833822       3.49375478E-05
   14.0073309       2.26924112E-05
   14.0312805       1.67333985E-06
   14.0552292       6.24823429E-07
   14.0791788       1.27436488E-05
   14.1031275       2.50692028E-05
   14.1270771       1.58653093E-05
   14.1510258       9.98666019E-06
   14.1749754       4.65225958E-06
   14.1989241       8.08578534E-06
   14.2228737       2.58308864E-05
   14.2468224       4.54285473E-05
   14.2707720       9.32620969E-05
   14.2947216       2.26781704E-05
   14.3186703       1.07897688E-06
   14.3426199       6.88073669E-07
   14.3665686       2.48595716E-05
   14.3905182       1.04537357E-04
   14.4144669       7.68257887E-05
   14.4384165       3.05468311E-05
   14.4623652       2.08861911E-06
   14.4863148       5.72653107E-06
   14.5102634       1.08747145E-05
   14.5342131       1.87404680E-06
   14.5581617       3.21477892E-05
   14.5821114       1.23163579E-06
   14.6060600       1.40474767E-05
   14.6300097       7.27956067E-05
   14.6539583       3.20016807E-05
   14.6779079       2.59388362E-05
   14.7018566       1.27429703E-05
   14.7258062       4.11801784E-06
   14.7497549       7.27476481E-06
   14.7737045       4.91533910E-06
   14.7976532       1.47915753E-05
   14.8216028       3.93689152E-05
   14.8455524       6.73125032E-05
   14.8695011       7.31356840E-06
   14.8934507       3.38951668E-06
   14.9173994       3.56710007E-06
   14.9413490       3.45585577E-05
   14.9652977       5.11329017E-05
   14.9892473       2.31650865E-05
   15.0131960       6.68091843E-06
   15.0371456       1.89733764E-05
   15.0610943       5.55410879E-05
   15.0850439       2.85360402E-05
   15.1089926       4.14326996E-06
   15.1329422       3.31400261E-05
   15.1568909       2.58297678E-06
   15.1808405       1.40774200E-05
   15.2047892       1.03632538E-05
   15.2287388       6.08291339E-06
   15.2526875       3.24224711E-05
   15.2766371       3.42415078E-05
   15.3005857       7.80027112E-05
   15.3245354       1.23014004E-04
   15.3484850       8.52751546E-05
   15.3724337       2.61844252E-05
   15.3963833       2.17637535E-05
   15.4203320       4.81423331E-06
   15.4442816       1.25608740E-05
   15.4682302       3.21865195E-06
   15.4921799       8.39052700E-06
   15.5161285       1.85749232E-05
   15.5400782       3.46810994E-05
   15.5640268       5.38252289E-06
   15.5879765       4.07397874E-06
   15.6119251       3.84785599E-05
   15.6358747       4.29356878E-05
   15.6598234       6.24420136E-05
   15.6837730       3.73814219E-05
   15.7077217       6.75284264E-06
   15.7316713       8.18848889E-07
   15.7556200       2.06739533E-05
   15.7795696       2.46310392E-05
   15.8035183       1.41252003E-05
   15.8274679       1.53431611E-05
   15.8514175       1.68233491E-05
   15.8753662       3.26887748E-05
   15.8993158       2.00356044E-05
   15.9232645       1.88263912E-05
   15.9472141       2.49964105E-05
   15.9711628       1.34883167E-05
   15.9951124       3.11211670E-06
   16.0190620       1.02191485E-07
   16.0430107       1.06604457E-05
   16.0669594       2.14968941E-06
   16.0909081       7.65906516E-05
   16.1148567       1.69175528E-05
   16.1388073       2.14353986E-05
   16.1627560       1.77482652E-05
   16.1867065       4.71299354E-05
   16.2106552       9.64136143E-06
   16.2346039       3.29184804E-05
   16.2585526       1.74006145E-05
   16.2825012       4.94966753E-06
   16.3064499       4.90490675E-06
   16.3304005       3.40431143E-05
   16.3543510       5.25205314E-06
   16.3782997       6.20899009E-05
   16.4022484       5.95524325E-05
   16.4261971       2.85583646E-05
   16.4501457       2.33450510E-06
   16.4740944       5.24042480E-06
   16.4980450       9.57900556E-06
   16.5219936       3.73943622E-05
   16.5459423       2.09204463E-05
   16.5698929       1.27134444E-05
   16.5938416       2.98211512E-06
   16.6177902       9.32090370E-06
   16.6417389       2.18330770E-05
   16.6656895       5.70093689E-05
   16.6896381       2.10799590E-05
   16.7135868       2.59282169E-05
   16.7375355       2.91200377E-05
   16.7614861       2.99570911E-06
   16.7854347       9.69345274E-05
   16.8093834       1.06641324E-04
   16.8333321       7.79746842E-05
   16.8572826       1.89489729E-05
   16.8812313       1.26077134E-06
   16.9051800       2.02431929E-05
   16.9291306       2.38734610E-05
   16.9530792       8.21331560E-06
   16.9770279       9.30443184E-06
   17.0009766       1.30586559E-05
   17.0249271       2.76802512E-05
   17.0488758       7.20263824E-06
   17.0728245       1.84736055E-05
   17.0967731       4.20096467E-06
   17.1207237       2.15272667E-06
   17.1446724       2.45788651E-05
   17.1686211       1.92239204E-05
   17.1925697       2.00565701E-05
   17.2165203       6.21857835E-05
   17.2404690       7.56635272E-05
   17.2644176       5.53978643E-05
   17.2883663       1.43627369E-06
   17.3123169       4.65386984E-06
   17.3362656       2.19110575E-06
   17.3602142       1.82192871E-05
   17.3841648       7.71094492E-05
   17.4081135       8.20293790E-05
   17.4320621       3.13441742E-05
   17.4560108       7.69442886E-06
   17.4799614       7.63282969E-06
   17.5039101       2.91281776E-06
   17.5278587       1.11669342E-05
   17.5518074       1.67578401E-05
   17.5757580       1.05159088E-05
   17.5997066       2.17052311E-05
   17.6236553       1.79906201E-05
   17.6476040       3.11255790E-05
   17.6715546       2.23117313E-05
   17.6955032       8.95415633E-06
   17.7194519       1.67329417E-05
   17.7434006       5.27405937E-05
   17.7673512       6.36835393E-05
   17.7912998       4.27336126E-05
   17.8152485       1.18315344E-04
   17.8391972       9.53405615E-05
   17.8631477       1.01502519E-05
   17.8870964       2.72725651E-06
   17.9110451       5.44842294E-07
   17.9349957       1.48454492E-05
   17.9589443       7.98185556E-06
   17.9828930       1.04822470E-06
   18.0068417       6.56727570E-05
   18.0307922       5.97820654E-05
   18.0547409       1.11818545E-05
   18.0786896       1.34299189E-05
   18.1026382       2.60198194E-05
   18.1265888       2.64390565E-05
   18.1505375       6.41163642E-05
   18.1744862       4.32964880E-05
   18.1984348       2.73992391E-05
   18.2223854       1.24028875E-05
   18.2463341       2.67582582E-05
   18.2702827       1.70860912E-05
   18.2942314       5.06669858E-05
   18.3181820       2.45102547E-05
   18.3421307       5.54840844E-05
   18.3660793       4.21296536E-05
   18.3900299       4.00367844E-06
   18.4139786       1.51650947E-05
   18.4379272       5.40764522E-05
   18.4618759       5.47833988E-05
   18.4858265       1.02651472E-06
   18.5097752       2.58170221E-05
   18.5337238       5.97871895E-06
   18.5576725       9.50866593E-07
   18.5816231       7.68324207E-06
   18.6055717       1.05838408E-05
   18.6295204       9.45878310E-06
   18.6534691       1.06464853E-04
   18.6774197       1.46236198E-04
   18.7013683       6.67784116E-05
   18.7253170       5.20025569E-05
   18.7492657       2.58853142E-05
   18.7732162       4.32276011E-06
   18.7971649       4.07378611E-05
   18.8211136       6.28021444E-05
   18.8450623       3.30404364E-05
   18.8690128       1.32350315E-05
   18.8929615       1.94912309E-06
   18.9169102       1.63348614E-06
   18.9408607       6.72769384E-05
   18.9648094       3.22130218E-05
   18.9887581       3.33752687E-05
   19.0127068       4.94013966E-06
   19.0366573       3.11894564E-06
   19.0606060       3.07756127E-05
   19.0845547       6.63244718E-05
   19.1085033       5.04058917E-05
   19.1324539       1.93883570E-05
   19.1564026       5.04610043E-08
   19.1803513       3.16248806E-05
   19.2042999       7.95457381E-05
   19.2282505       1.04569786E-04
   19.2521992       9.28819190E-06
   19.2761478       1.51775066E-05
   19.3000965       3.74200827E-05
   19.3240471       3.60596605E-05
   19.3479958       1.54634527E-05
   19.3719444       5.81075365E-05
   19.3958931       2.46339769E-05
   19.4198437       2.88724891E-07
   19.4437923       4.55787485E-05
   19.4677410       3.21609077E-05
   19.4916916       1.79041581E-05
   19.5156403       1.23890613E-05
   19.5395889       2.17633169E-05
   19.5635376       2.73083406E-05
   19.5874882       5.14952953E-05
   19.6114368       2.76527207E-05
   19.6353855       7.03179539E-05
   19.6593342       1.24119120E-04
   19.6832848       4.04911370E-05
   19.7072334       9.57768680E-06
   19.7311821       1.72121581E-05
   19.7551308       7.40766200E-06
   19.7790813       4.53544590E-06
   19.8030300       2.29868760E-06
   19.8269787       1.19766473E-05
   19.8509274       1.44669239E-05
   19.8748779       1.08999611E-05
   19.8988266       2.08127290E-07
   19.9227753       2.71558056E-05
   19.9467258       3.94466115E-05
   19.9706745       4.44059297E-05
   19.9946232       1.71163138E-05
   20.0185719       4.43758254E-05
   20.0425224       1.48612662E-05
   20.0664711       2.67114920E-05
   20.0904198       3.39017643E-05
   20.1143684       1.66750469E-05
   20.1383190       3.91576468E-05
   20.1622677       1.06093707E-04
   20.1862164       5.55798397E-05
   20.2101650       2.32131697E-05
   20.2341156       4.81072584E-06
   20.2580643       2.82830933E-05
   20.2820129       8.09563062E-06
   20.3059616       1.03230759E-05
   20.3299122       1.00006109E-05
   20.3538609       1.39262083E-05
   20.3778095       1.88746380E-05
   20.4017582       2.82981705E-06
   20.4257088       1.38422729E-05
   20.4496574       1.58912953E-05
   20.4736061       1.54113386E-05
   20.4975567       8.69954529E-05
   20.5215054       6.55104886E-05
   20.5454540       1.61097196E-05
   20.5694027       8.05266063E-06
   20.5933533       4.15790928E-05
   20.6173019       4.33688183E-06
   20.6412506       6.53015832E-06
   20.6651993       2.95926402E-05
   20.6891499       1.80108618E-05
   20.7130985       1.36338740E-05
   20.7370472       2.41540056E-06
   20.7609959       1.17224579E-06
   20.7849464       1.15992819E-07
   20.8088951       3.13445526E-05
   20.8328438       1.71332213E-05
   20.8567924       1.97536269E-06
   20.8807430       2.02030333E-06
   20.9046917       8.76357080E-06
   20.9286404       3.73035582E-05
   20.9525909       1.77163402E-05
   20.9765396       4.79262235E-06
   21.0004883       4.59518424E-06
   21.0244370       2.02224546E-05
   21.0483875       7.16212089E-05
   21.0723362       6.38439742E-05
   21.0962849       2.16739518E-05
   21.1202335       8.27870224E-07
   21.1441841       2.23002712E-06
   21.1681328       5.25037376E-06
   21.1920815       2.45367373E-05
   21.2160301       8.59864085E-05
   21.2399807       7.38118979E-05
   21.2639294       5.30176703E-06
   21.2878780       1.54959071E-05
   21.3118267       3.64841653E-05
   21.3357773       4.05106475E-05
   21.3597260       1.13393507E-05
   21.3836746       9.79871038E-06
   21.4076233       1.15326384E-06
   21.4315739       9.27202109E-06
   21.4555225       4.09796412E-05
   21.4794712       2.58549844E-05
   21.5034218       4.59288240E-05
   21.5273705       2.45838528E-05
   21.5513191       1.52744224E-06
   21.5752678       4.72799485E-07
   21.5992184       3.87461987E-05
   21.6231670       3.62110586E-05
   21.6471157       6.99027150E-05
   21.6710644       1.96077617E-05
   21.6950150       1.68941438E-06
   21.7189636       1.28910442E-05
   21.7429123       6.81838537E-06
   21.7668610       1.69624082E-06
   21.7908115       6.03289391E-06
   21.8147602       1.38536097E-05
   21.8387089       5.04012860E-06
   21.8626575       9.59617500E-06
   21.8866081       8.38833273E-07
   21.9105568       4.57822307E-06
   21.9345055       4.76032568E-07
   21.9584541       2.00529666E-06
   21.9824047       9.83340215E-06
   22.0063534       1.99757214E-05
   22.0303020       5.34007722E-06
   22.0542526       9.70253586E-06
   22.0782013       4.34232934E-05
   22.1021500       3.68264955E-06
   22.1260986       1.87454759E-07
   22.1500492       1.40670709E-05
   22.1739979       4.03421909E-05
   22.1979465       6.53338648E-05
   22.2218952       1.81199372E-04
   22.2458458       9.24695196E-05
   22.2697945       4.85087439E-05
   22.2937431       3.92150559E-06
   22.3176918       2.32008515E-05
   22.3416424       9.45102656E-05
   22.3655910       3.69696136E-05
   22.3895397       9.30866190E-06
   22.4134884       7.58643773E-06
   22.4374390       5.00998212E-05
   22.4613876       5.11346952E-05
   22.4853363       8.35622086E-06
   22.5092869       4.92729805E-06
   22.5332355       8.06221806E-07
   22.5571842       2.73793671E-06
   22.5811329       4.95575187E-05
   22.6050835       3.41661071E-05
   22.6290321       3.04344439E-06
   22.6529808       2.41588509E-06
   22.6769295       3.27177759E-06
   22.7008801       1.02492004E-05
   22.7248287       4.73673099E-05
   22.7487774       5.44209397E-05
   22.7727261       2.33506671E-05
   22.7966766       4.11670499E-06
   22.8206253       1.03349657E-05
   22.8445740       1.95937700E-05
   22.8685226       1.57474442E-05
   22.8924732       2.57143370E-06
   22.9164219       4.73676118E-05
   22.9403706       5.30928519E-05
   22.9643192       7.75681019E-06
   22.9882698       1.43686975E-05
   23.0122185       4.34175672E-05
   23.0361671       6.59777143E-05
   23.0601177       1.57662274E-04
   23.0840664       1.59722433E-04
   23.1080151       6.03646695E-05
   23.1319637       3.64203042E-05
   23.1559143       6.77758217E-05
   23.1798630       3.55828524E-05
   23.2038116       3.75621348E-05
   23.2277603       5.17251101E-05
   23.2517109       2.57030260E-05
   23.2756596       6.13187331E-06
   23.2996082       5.32877721E-06
   23.3235569       3.27866001E-05
   23.3475075       1.03515276E-05
   23.3714561       3.16041064E-06
   23.3954048       6.60891328E-06
   23.4193535       4.61185300E-06
   23.4433041       3.84010218E-06
   23.4672527       1.81729192E-05
   23.4912014       1.93032156E-05
   23.5151520       6.73186150E-05
   23.5391006       1.15592320E-05
   23.5630493       1.28207175E-05
   23.5869980       1.49881962E-05
   23.6109486       2.45266910E-05
   23.6348972       4.28626481E-05
   23.6588459       6.75307820E-05
   23.6827946       2.95202590E-05
   23.7067451       1.99051483E-05
   23.7306938       5.26895783E-05
   23.7546425       1.20932714E-06
   23.7785912       2.14597349E-05
   23.8025417       4.40744916E-05
   23.8264904       8.95413632E-06
   23.8504391       8.84077162E-05
   23.8743877       8.43671369E-05
   23.8983383       3.58935213E-05
   23.9222870       1.98833422E-05
   23.9462357       3.59785590E-05
   23.9701843       8.60410000E-06
   23.9941349       2.04241906E-06
   24.0180836       5.55563274E-05
   24.0420322       4.65391167E-05
   24.0659828       8.73642966E-06
   24.0899315       7.75288390E-06
   24.1138802       4.04083812E-06
   24.1378288       1.43955695E-05
   24.1617794       5.93088844E-05
   24.1857281       5.69737604E-05
   24.2096767       2.95338123E-05
   24.2336254       1.81594442E-05
   24.2575760       5.93559434E-07
   24.2815247       3.28999377E-05
   24.3054733       3.93970040E-05
   24.3294220       2.92376717E-06
   24.3533726       1.94579716E-05
   24.3773212       1.31132629E-06
   24.4012699       4.14061033E-05
   24.4252186       3.82756261E-05
   24.4491692       8.85301415E-05
   24.4731178       2.84732887E-05
   24.4970665       2.14809352E-05
   24.5210171       2.63215479E-05
   24.5449657       4.28394060E-06
   24.5689144       2.88055744E-05
   24.5928631       6.51871524E-05
   24.6168137       1.48250933E-06
   24.6407623       7.71480791E-06
   24.6647110       1.82662898E-05
   24.6886597       3.10082069E-05
   24.7126102       9.55789619E-06
   24.7365589       6.10059033E-06
   24.7605076       1.23646196E-05
   24.7844563       6.86857238E-05
   24.8084068       2.89373311E-05
   24.8323555       4.53787325E-05
   24.8563042       2.00675295E-05
   24.8802528       2.22285798E-05
   24.9042034       3.94700473E-05
   24.9281521       8.31099460E-05
   24.9521008       5.88533221E-05
   24.9760494       2.65187537E-05
   25.0000000       2.43586805E-06
