  0.500000000       2.37739150E-04
  0.523949146       2.99142179E-04
  0.547898352       4.92160849E-04
  0.571847498       5.50061523E-04
  0.595796704       5.79475542E-04
  0.619745851       5.67673123E-04
  0.643694997       5.17913722E-04
  0.667644143       7.41731259E-04
  0.691593349       9.15933750E-04
  0.715542555       1.14999618E-03
  0.739491701       1.19959353E-03
  0.763440847       1.78118108E-03
  0.787389994       2.76872190E-03
  0.811339200       2.74172472E-03
  0.835288346       2.60925130E-03
  0.859237552       2.28842255E-03
  0.883186698       2.74252961E-03
  0.907135844       2.75625801E-03
  0.931085050       2.82701687E-03
  0.955034196       3.17084952E-03
  0.978983402       3.37312766E-03
   1.00293255       4.10895329E-03
   1.02688169       5.04437787E-03
   1.05083084       6.22052094E-03
   1.07477999       7.58282142E-03
   1.09872913       7.77414255E-03
   1.12267840       8.25397950E-03
   1.14662755       9.13573802E-03
   1.17057669       1.10958852E-02
   1.19452596       1.20803602E-02
   1.21847510       1.24593796E-02
   1.24242425       1.42183211E-02
   1.26637340       1.73254441E-02
   1.29032254       2.06505843E-02
   1.31427169       2.26466917E-02
   1.33822083       2.54951809E-02
   1.36217010       2.81516109E-02
   1.38611925       2.94758324E-02
   1.41006839       3.08403689E-02
   1.43401766       3.19406502E-02
   1.45796680       3.48915942E-02
   1.48191595       3.74706835E-02
   1.50586510       4.03448455E-02
   1.52981424       4.43959907E-02
   1.55376339       5.05224615E-02
   1.57771254       5.66223636E-02
   1.60166180       6.07272796E-02
   1.62561095       6.64463937E-02
   1.64956009       7.05954283E-02
   1.67350924       7.61487037E-02
   1.69745839       7.97094852E-02
   1.72140765       8.57724175E-02
   1.74535680       9.56432521E-02
   1.76930594      0.102219008    
   1.79325509      0.111212768    
   1.81720424      0.121785879    
   1.84115338      0.132101208    
   1.86510265      0.142435864    
   1.88905180      0.147232652    
   1.91300094      0.157005847    
   1.93695009      0.168569773    
   1.96089923      0.178902864    
   1.98484850      0.183780268    
   2.00879765      0.189453632    
   2.03274679      0.203193530    
   2.05669594      0.213927031    
   2.08064508      0.222920537    
   2.10459423      0.231222019    
   2.12854338      0.242912009    
   2.15249252      0.257144988    
   2.17644167      0.267903328    
   2.20039082      0.281274140    
   2.22434020      0.293932378    
   2.24828935      0.307101250    
   2.27223849      0.318060368    
   2.29618764      0.330391854    
   2.32013679      0.347204059    
   2.34408593      0.361736834    
   2.36803532      0.374309927    
   2.39198446      0.384997338    
   2.41593361      0.402427197    
   2.43988276      0.417242706    
   2.46383190      0.425417036    
   2.48778105      0.438366592    
   2.51173019      0.451458395    
   2.53567934      0.461978525    
   2.55962849      0.461312294    
   2.58357763      0.462816238    
   2.60752678      0.478448749    
   2.63147593      0.489249170    
   2.65542507      0.499921560    
   2.67937446      0.505095065    
   2.70332360      0.513713717    
   2.72727275      0.526036859    
   2.75122190      0.526921272    
   2.77517104      0.529033780    
   2.79912019      0.532643139    
   2.82306933      0.542112827    
   2.84701848      0.544755578    
   2.87096763      0.552586079    
   2.89491677      0.568260431    
   2.91886592      0.577139497    
   2.94281530      0.579430163    
   2.96676445      0.579533637    
   2.99071360      0.587694049    
   3.01466274      0.588193238    
   3.03861189      0.577556968    
   3.06256104      0.570747256    
   3.08651018      0.565835834    
   3.11045933      0.567632794    
   3.13440847      0.562189400    
   3.15835762      0.562460840    
   3.18230677      0.557258666    
   3.20625615      0.556086302    
   3.23020530      0.550721467    
   3.25415444      0.538810849    
   3.27810359      0.537796259    
   3.30205274      0.527218878    
   3.32600188      0.511668563    
   3.34995103      0.499750495    
   3.37390018      0.496360362    
   3.39784932      0.497556865    
   3.42179847      0.488287628    
   3.44574785      0.482647687    
   3.46969700      0.473733127    
   3.49364614      0.469153374    
   3.51759529      0.459119529    
   3.54154444      0.445019543    
   3.56549358      0.434722006    
   3.58944273      0.417000324    
   3.61339188      0.403900504    
   3.63734102      0.387291908    
   3.66129017      0.379452735    
   3.68523932      0.372496635    
   3.70918870      0.356647760    
   3.73313785      0.342002690    
   3.75708699      0.329939812    
   3.78103614      0.322406679    
   3.80498528      0.311457217    
   3.82893443      0.290712327    
   3.85288358      0.276128381    
   3.87683272      0.262167305    
   3.90078187      0.253116339    
   3.92473102      0.242628261    
   3.94868040      0.238801926    
   3.97262955      0.230252415    
   3.99657869      0.221225739    
   4.02052784      0.213198125    
   4.04447699      0.204769373    
   4.06842613      0.196438536    
   4.09237528      0.183905393    
   4.11632442      0.169077307    
   4.14027357      0.158536226    
   4.16422272      0.152175441    
   4.18817186      0.146729499    
   4.21212101      0.136016011    
   4.23607063      0.131234884    
   4.26001930      0.125679493    
   4.28396893      0.117600769    
   4.30791759      0.108611919    
   4.33186722      0.100940861    
   4.35581589       9.50783566E-02
   4.37976551       8.59309584E-02
   4.40371418       7.78941885E-02
   4.42766380       7.37763643E-02
   4.45161247       7.08927363E-02
   4.47556210       6.81087151E-02
   4.49951124       6.24771528E-02
   4.52346039       5.83858266E-02
   4.54740953       5.65522835E-02
   4.57135868       5.27619645E-02
   4.59530783       4.87785414E-02
   4.61925697       4.36086915E-02
   4.64320612       4.12768535E-02
   4.66715527       3.64058614E-02
   4.69110441       3.35616991E-02
   4.71505356       3.25436592E-02
   4.73900270       3.07105724E-02
   4.76295185       2.82792170E-02
   4.78690100       2.48150546E-02
   4.81085014       2.33604331E-02
   4.83479929       2.19088830E-02
   4.85874891       1.95103362E-02
   4.88269806       1.63375326E-02
   4.90664721       1.38459150E-02
   4.93059635       1.38465296E-02
   4.95454550       1.26566943E-02
   4.97849464       1.16359713E-02
   5.00244379       1.07362084E-02
   5.02639294       1.01985019E-02
   5.05034208       1.00067789E-02
   5.07429123       9.08121374E-03
   5.09824038       8.81643686E-03
   5.12218952       7.73979910E-03
   5.14613867       6.79751812E-03
   5.17008781       5.74669382E-03
   5.19403696       5.37903653E-03
   5.21798611       5.67718968E-03
   5.24193525       5.16750058E-03
   5.26588440       4.60873032E-03
   5.28983355       4.46665380E-03
   5.31378269       4.46474133E-03
   5.33773184       4.27523209E-03
   5.36168146       3.30523099E-03
   5.38563061       3.11789638E-03
   5.40957975       2.33121892E-03
   5.43352890       2.10522092E-03
   5.45747805       1.44095998E-03
   5.48142719       1.24662684E-03
   5.50537634       1.69535726E-03
   5.52932549       1.44188071E-03
   5.55327463       1.39691867E-03
   5.57722378       1.44122774E-03
   5.60117292       1.68277917E-03
   5.62512207       1.63557718E-03
   5.64907122       1.25368091E-03
   5.67302036       1.04570040E-03
   5.69696951       8.57644423E-04
   5.72091866       9.55196214E-04
   5.74486780       1.07932719E-03
   5.76881695       1.24030770E-03
   5.79276609       1.23648241E-03
   5.81671524       1.39873940E-03
   5.84066439       1.69229484E-03
   5.86461353       1.58370053E-03
   5.88856316       1.71803706E-03
   5.91251230       1.19007495E-03
   5.93646145       6.63659303E-04
   5.96041059       5.99868305E-04
   5.98435974       7.73262524E-04
   6.00830889       8.32695339E-04
   6.03225803       7.17172865E-04
   6.05620718       6.58179109E-04
   6.08015633       8.07349395E-04
   6.10410547       9.97074880E-04
   6.12805462       9.30896320E-04
   6.15200377       6.62593171E-04
   6.17595291       7.03709724E-04
   6.19990206       6.17853657E-04
   6.22385120       6.15678902E-04
   6.24780035       6.09679497E-04
   6.27174950       7.22775818E-04
   6.29569864       1.02874357E-03
   6.31964779       8.95125035E-04
   6.34359694       9.41742794E-04
   6.36754608       9.96119343E-04
   6.39149570       1.28959329E-03
   6.41544485       1.09936949E-03
   6.43939400       7.23509584E-04
   6.46334314       6.82990183E-04
   6.48729229       5.54579601E-04
   6.51124144       6.50697679E-04
   6.53519058       5.46132273E-04
   6.55913973       4.88738064E-04
   6.58308887       5.34437015E-04
   6.60703802       4.21300909E-04
   6.63098717       4.04260703E-04
   6.65493631       5.58734639E-04
   6.67888546       6.10656338E-04
   6.70283461       3.56427947E-04
   6.72678375       1.73023873E-04
   6.75073290       2.39544243E-04
   6.77468204       3.37470352E-04
   6.79863119       3.73450224E-04
   6.82258034       3.40971048E-04
   6.84652948       4.07068525E-04
   6.87047863       6.99311437E-04
   6.89442825       7.90267659E-04
   6.91837740       8.41954490E-04
   6.94232655       7.71863095E-04
   6.96627569       8.26992909E-04
   6.99022484       7.61537522E-04
   7.01417398       4.76114248E-04
   7.03812313       4.51737811E-04
   7.06207228       5.29069279E-04
   7.08602142       3.96681309E-04
   7.10997057       1.72814602E-04
   7.13391972       2.00481532E-04
   7.15786886       2.06924160E-04
   7.18181801       1.22419835E-04
   7.20576715       1.14435556E-04
   7.22971630       1.05536004E-04
   7.25366545       1.45451544E-04
   7.27761459       8.54983809E-05
   7.30156374       6.00773965E-05
   7.32551289       8.70838994E-05
   7.34946203       1.30866654E-04
   7.37341118       1.84456221E-04
   7.39736080       1.16241688E-04
   7.42130995       2.30894511E-04
   7.44525909       3.01234773E-04
   7.46920824       4.05392610E-04
   7.49315739       3.76767217E-04
   7.51710653       2.70345248E-04
   7.54105568       3.30807670E-04
   7.56500483       1.76628120E-04
   7.58895397       1.49467203E-04
   7.61290312       1.73886190E-04
   7.63685226       1.16713731E-04
   7.66080141       7.95779997E-05
   7.68475056       3.09357092E-05
   7.70869970       1.12325099E-04
   7.73264885       1.11579837E-04
   7.75659800       5.86041424E-05
   7.78054714       4.35455840E-05
   7.80449629       1.09370085E-04
   7.82844543       1.89374070E-04
   7.85239458       2.42800830E-04
   7.87634373       2.33432846E-04
   7.90029287       2.51103716E-04
   7.92424250       1.85749042E-04
   7.94819164       1.43456316E-04
   7.97214079       7.03056867E-05
   7.99608994       1.12409303E-04
   8.02003860       8.79302315E-05
   8.04398823       1.09290784E-04
   8.06793785       3.85987187E-05
   8.09188652       6.10107745E-05
   8.11583519       5.05069329E-05
   8.13978481       5.24152638E-05
   8.16373444       6.44916945E-05
   8.18768311       1.12693087E-04
   8.21163177       3.90437526E-05
   8.23558140       2.30617370E-05
   8.25953102       1.60910677E-05
   8.28347969       2.08965430E-05
   8.30742836       5.02059411E-05
   8.33137798       5.92755969E-05
   8.35532761       7.80327682E-05
   8.37927628       2.01293587E-04
   8.40322495       3.52828385E-04
   8.42717552       2.49434495E-04
   8.45112419       1.35199080E-04
   8.47507286       6.99221346E-05
   8.49902248       4.87261095E-05
   8.52297115       6.35840624E-05
   8.54692078       6.45238615E-05
   8.57086945       3.27126909E-05
   8.59481907       2.76125811E-05
   8.61876774       9.65521176E-05
   8.64271736       1.05762832E-04
   8.66666603       3.61916900E-05
   8.69061565       6.58428035E-05
   8.71456528       2.78629450E-05
   8.73851395       4.10845569E-05
   8.76246357       4.06114341E-05
   8.78641224       5.53334248E-05
   8.81036186       2.26775646E-05
   8.83431053       1.53370347E-05
   8.85826015       3.92791007E-05
   8.88220882       1.22531797E-04
   8.90615845       7.86054370E-05
   8.93010712       2.03853298E-04
   8.95405674       2.75733677E-04
   8.97800541       3.33526725E-04
   9.00195503       1.01868674E-04
   9.02590370       9.14031480E-05
   9.04985332       3.94022900E-05
   9.07380199       6.10486823E-05
   9.09775162       4.54400106E-05
   9.12170029       1.46522625E-05
   9.14564991       3.40820116E-05
   9.16959858       6.70825393E-05
   9.19354820       1.00942612E-04
   9.21749783       1.35544644E-04
   9.24144650       8.61936642E-05
   9.26539612       6.25476969E-05
   9.28934479       9.89765249E-05
   9.31329441       6.64156614E-05
   9.33724308       2.17820125E-05
   9.36119270       1.07683863E-05
   9.38514137       3.32757168E-06
   9.40909100       3.50870550E-07
   9.43303967       7.64846700E-05
   9.45698929       1.32702378E-04
   9.48093796       1.58165989E-04
   9.50488758       8.87076167E-05
   9.52883625       5.24769166E-05
   9.55278587       1.21665333E-04
   9.57673454       1.05251856E-04
   9.60068417       5.47083910E-05
   9.62463284       4.72393149E-05
   9.64858246       7.06538704E-05
   9.67253113       1.72753571E-04
   9.69648075       2.41665301E-04
   9.72043037       3.15374986E-04
   9.74437904       1.31747525E-04
   9.76832867       1.03435013E-04
   9.79227734       4.58254799E-05
   9.81622696       8.80413063E-06
   9.84017563       2.61072114E-06
   9.86412525       1.44665410E-05
   9.88807392       1.69602049E-06
   9.91202354       7.33524075E-07
   9.93597221       1.93770884E-05
   9.95992184       3.54961558E-05
   9.98387051       5.44762188E-05
   10.0078201       9.95327719E-05
   10.0317688       1.21860408E-04
   10.0557184       3.47022360E-05
   10.0796671       3.22872620E-05
   10.1036167       6.00292551E-05
   10.1275654       1.22391983E-04
   10.1515150       8.93858014E-05
   10.1754637       3.50065638E-05
   10.1994133       2.43327449E-05
   10.2233629       1.72885935E-04
   10.2473116       2.55965599E-04
   10.2712612       1.45231679E-04
   10.2952099       3.57163299E-05
   10.3191595       1.59705978E-05
   10.3431082       3.15719553E-05
   10.3670578       1.09601424E-04
   10.3910065       8.48704731E-05
   10.4149561       1.39844182E-04
   10.4389048       9.82440397E-05
   10.4628544       4.02876940E-05
   10.4868031       9.34215166E-07
   10.5107527       7.83507203E-05
   10.5347013       5.91854005E-05
   10.5586510       9.30776150E-06
   10.5825996       5.23970039E-06
   10.6065493       9.51102720E-07
   10.6304979       1.53770475E-06
   10.6544476       1.21699413E-05
   10.6783962       5.04147295E-07
   10.7023458       1.38783016E-05
   10.7262955       7.79742331E-05
   10.7502441       1.84010409E-04
   10.7741938       1.66567610E-04
   10.7981424       1.91364816E-04
   10.8220921       1.06938583E-04
   10.8460407       3.42263920E-05
   10.8699903       1.91720505E-06
   10.8939390       2.10267317E-05
   10.9178886       9.66014977E-06
   10.9418373       4.35741240E-05
   10.9657869       2.89055060E-05
   10.9897356       1.64757148E-06
   11.0136852       2.03998534E-05
   11.0376339       5.42651505E-05
   11.0615835       2.17055240E-05
   11.0855322       2.01295461E-06
   11.1094818       7.60307194E-06
   11.1334305       2.41230609E-05
   11.1573801       2.73654186E-05
   11.1813288       1.41155151E-05
   11.2052784       1.43289317E-05
   11.2292271       2.15974360E-05
   11.2531767       5.95248093E-05
   11.2771263       1.98058056E-04
   11.3010750       2.88458279E-04
   11.3250246       8.05340605E-05
   11.3489733       3.53047144E-05
   11.3729229       3.02967346E-05
   11.3968716       5.14804124E-05
   11.4208212       3.15984325E-05
   11.4447699       1.78843384E-05
   11.4687195       8.76330978E-06
   11.4926682       2.27262626E-05
   11.5166178       6.80383237E-05
   11.5405664       2.19464437E-05
   11.5645161       6.20812352E-06
   11.5884647       6.22938217E-07
   11.6124144       5.30948892E-05
   11.6363630       2.43327922E-05
   11.6603127       1.90002647E-05
   11.6842613       1.15261319E-05
   11.7082109       5.75394893E-07
   11.7321596       1.19626229E-05
   11.7561092       1.50069436E-05
   11.7800589       6.13412994E-05
   11.8040075       8.79448635E-05
   11.8279572       8.42459995E-05
   11.8519058       1.02231075E-04
   11.8758554       2.06326396E-04
   11.8998041       6.86498388E-05
   11.9237537       1.83004795E-05
   11.9477024       3.02230615E-06
   11.9716520       1.23709397E-05
   11.9956007       9.36793299E-07
   12.0195503       1.86589077E-05
   12.0434990       7.52530468E-06
   12.0674486       1.54467045E-06
   12.0913973       1.72091222E-05
   12.1153469       1.29629861E-05
   12.1392956       4.60277588E-05
   12.1632452       4.94796041E-05
   12.1871939       7.29675376E-05
   12.2111435       1.09967033E-04
   12.2350922       2.69412703E-04
   12.2590418       1.62450859E-04
   12.2829914       6.96816132E-05
   12.3069401       6.28252674E-05
   12.3308897       1.10927858E-05
   12.3548384       8.81320830E-06
   12.3787880       1.20466811E-05
   12.4027367       2.91271863E-05
   12.4266863       2.92772711E-05
   12.4506350       6.48145360E-05
   12.4745846       6.48752830E-05
   12.4985332       2.52946811E-05
   12.5224829       2.12122104E-05
   12.5464315       1.17274412E-05
   12.5703812       1.72364089E-05
   12.5943298       5.67033931E-06
   12.6182795       1.93340748E-06
   12.6422281       4.38523375E-06
   12.6661777       3.90696096E-06
   12.6901264       6.93883567E-06
   12.7140760       3.14440658E-05
   12.7380247       2.73259484E-05
   12.7619743       2.54781735E-05
   12.7859240       9.65467552E-05
   12.8098726       2.32985956E-04
   12.8338223       1.83145661E-04
   12.8577709       5.04652089E-05
   12.8817205       2.51806409E-06
   12.9056692       7.72562998E-06
   12.9296188       9.34101899E-06
   12.9535675       9.36653669E-05
   12.9775171       1.03788479E-04
   13.0014658       9.95033333E-05
   13.0254154       4.17441406E-05
   13.0493641       1.41447072E-05
   13.0733137       4.30131649E-06
   13.0972624       1.18469243E-05
   13.1212120       1.70997118E-05
   13.1451607       2.51024449E-05
   13.1691103       7.43409109E-05
   13.1930590       3.55908232E-05
   13.2170086       5.44468967E-05
   13.2409573       3.21170883E-05
   13.2649069       2.35347693E-06
   13.2888565       7.71075138E-05
   13.3128052       2.48713186E-04
   13.3367548       1.79398790E-04
   13.3607035       1.02533188E-04
   13.3846531       1.02100712E-04
   13.4086018       4.14901770E-05
   13.4325514       3.54300460E-06
   13.4565001       1.15063012E-05
   13.4804497       1.80826555E-06
   13.5043983       6.35438118E-06
   13.5283480       1.09283292E-05
   13.5522966       2.45411343E-07
   13.5762463       9.68797667E-06
   13.6001949       4.36363989E-05
   13.6241446       2.46972900E-06
   13.6480932       5.50503137E-06
   13.6720428       1.72773762E-05
   13.6959915       2.60173874E-05
   13.7199411       4.83150943E-05
   13.7438898       6.08304908E-05
   13.7678394       1.83583852E-05
   13.7917891       3.73582475E-06
   13.8157377       7.23240373E-06
   13.8396873       3.24421853E-05
   13.8636360       6.33917880E-05
   13.8875856       7.92713254E-05
   13.9115343       6.85830673E-06
   13.9354839       1.79646631E-05
   13.9594326       2.11012211E-05
   13.9833822       1.98408670E-05
   14.0073309       3.10797100E-06
   14.0312805       1.98270336E-05
   14.0552292       1.86132070E-07
   14.0791788       3.49836446E-05
   14.1031275       1.28040938E-05
   14.1270771       2.84901375E-07
   14.1510258       1.17700502E-07
   14.1749754       1.75065088E-05
   14.1989241       3.28853530E-05
   14.2228737       8.82992317E-05
   14.2468224       1.32839836E-04
   14.2707720       1.31081440E-04
   14.2947216       2.74627935E-04
   14.3186703       1.65518039E-04
   14.3426199       3.77592660E-05
   14.3665686       1.64592020E-05
   14.3905182       1.02584745E-05
   14.4144669       1.91509230E-06
   14.4384165       2.14298143E-05
   14.4623652       2.75425227E-05
   14.4863148       1.42461959E-05
   14.5102634       1.83552165E-05
   14.5342131       2.25491476E-05
   14.5581617       1.44206288E-05
   14.5821114       3.46719244E-05
   14.6060600       6.73408431E-05
   14.6300097       1.29364824E-04
   14.6539583       1.57371134E-04
   14.6779079       6.55563563E-05
   14.7018566       1.74413599E-05
   14.7258062       3.69785789E-06
   14.7497549       3.80744723E-06
   14.7737045       6.98466829E-05
   14.7976532       1.19500706E-04
   14.8216028       1.43977406E-04
   14.8455524       4.00771387E-05
   14.8695011       7.39017833E-06
   14.8934507       4.73355158E-06
   14.9173994       3.04397417E-05
   14.9413490       1.68103852E-05
   14.9652977       1.27484618E-05
   14.9892473       5.43733950E-06
   15.0131960       1.04235787E-05
   15.0371456       4.90668244E-05
   15.0610943       6.18544291E-05
   15.0850439       1.92957013E-05
   15.1089926       2.38730590E-05
   15.1329422       1.08135100E-04
   15.1568909       6.98309887E-05
   15.1808405       2.64120590E-05
   15.2047892       2.25398817E-05
   15.2287388       6.15502504E-05
   15.2526875       3.62839783E-05
   15.2766371       8.64452522E-06
   15.3005857       3.90693458E-05
   15.3245354       1.01045007E-04
   15.3484850       6.17123515E-05
   15.3724337       6.50361108E-05
   15.3963833       1.82419135E-05
   15.4203320       4.08292863E-06
   15.4442816       1.88531758E-05
   15.4682302       1.73587869E-05
   15.4921799       3.20486697E-06
   15.5161285       2.29074999E-06
   15.5400782       3.74362353E-05
   15.5640268       1.05485800E-04
   15.5879765       7.48748498E-05
   15.6119251       3.31494593E-05
   15.6358747       1.83200518E-05
   15.6598234       2.57172519E-06
   15.6837730       6.90282322E-05
   15.7077217       1.55321846E-04
   15.7316713       1.09311542E-04
   15.7556200       6.41575316E-05
   15.7795696       4.56105226E-05
   15.8035183       1.13566959E-04
   15.8274679       9.65280287E-06
   15.8514175       2.13168678E-05
   15.8753662       1.55978523E-05
   15.8993158       2.96536882E-06
   15.9232645       3.48827743E-05
   15.9472141       9.97482766E-06
   15.9711628       2.35714106E-05
   15.9951124       4.09135055E-07
   16.0190620       7.31338332E-06
   16.0430107       1.59949777E-05
   16.0669594       8.37601110E-05
   16.0909081       4.78791990E-05
   16.1148567       7.45991274E-05
   16.1388073       4.68101716E-05
   16.1627560       1.78368126E-07
   16.1867065       7.18104202E-05
   16.2106552       4.35298170E-05
   16.2346039       2.41174002E-05
   16.2585526       6.25406828E-05
   16.2825012       8.96906204E-05
   16.3064499       4.67130885E-05
   16.3304005       1.25338593E-05
   16.3543510       2.37322565E-05
   16.3782997       8.69353789E-06
   16.4022484       3.14269346E-05
   16.4261971       3.13352721E-05
   16.4501457       3.92221446E-05
   16.4740944       1.20726516E-04
   16.4980450       9.36923971E-05
   16.5219936       4.00744320E-05
   16.5459423       1.47324236E-05
   16.5698929       2.38815010E-05
   16.5938416       1.58634593E-05
   16.6177902       8.52996745E-05
   16.6417389       8.90627780E-05
   16.6656895       4.74638800E-05
   16.6896381       6.31055082E-05
   16.7135868       1.94346885E-05
   16.7375355       6.30142677E-06
   16.7614861       1.48821509E-05
   16.7854347       7.62964419E-07
   16.8093834       3.30862576E-06
   16.8333321       2.37781205E-05
   16.8572826       5.81640270E-05
   16.8812313       7.24385900E-05
   16.9051800       2.45965316E-06
   16.9291306       2.96655713E-07
   16.9530792       2.43586273E-05
   16.9770279       2.03109485E-05
   17.0009766       2.64768232E-06
   17.0249271       9.68384711E-07
   17.0488758       3.03831257E-05
   17.0728245       4.21266341E-05
   17.0967731       3.04107562E-05
   17.1207237       1.19769368E-06
   17.1446724       1.35817099E-05
   17.1686211       3.37255406E-05
   17.1925697       1.29159875E-04
   17.2165203       9.81322737E-05
   17.2404690       1.45239115E-04
   17.2644176       3.49854308E-05
   17.2883663       2.67845535E-05
   17.3123169       8.51083678E-06
   17.3362656       1.21891389E-05
   17.3602142       1.60752606E-05
   17.3841648       5.18089564E-06
   17.4081135       1.67979988E-06
   17.4320621       2.53689686E-05
   17.4560108       3.50013870E-05
   17.4799614       2.41318503E-07
   17.5039101       1.95392968E-05
   17.5278587       4.08417582E-05
   17.5518074       9.09206283E-05
   17.5757580       5.97709914E-05
   17.5997066       5.53966020E-05
   17.6236553       1.80245130E-04
   17.6476040       1.22307945E-04
   17.6715546       3.08720955E-05
   17.6955032       2.23542702E-05
   17.7194519       1.18164990E-05
   17.7434006       3.08027193E-05
   17.7673512       5.57152161E-05
   17.7912998       8.38368433E-05
   17.8152485       7.65538134E-05
   17.8391972       2.32868588E-05
   17.8631477       1.88947797E-05
   17.8870964       1.01541336E-05
   17.9110451       3.24824759E-05
   17.9349957       1.95082848E-05
   17.9589443       1.36903054E-06
   17.9828930       2.47006119E-05
   18.0068417       3.71827218E-06
   18.0307922       9.09531809E-06
   18.0547409       4.70982559E-06
   18.0786896       9.37122240E-06
   18.1026382       3.08876515E-05
   18.1265888       1.71690219E-04
   18.1505375       1.24967075E-04
   18.1744862       1.13887458E-04
   18.1984348       4.34737594E-05
   18.2223854       4.57971946E-05
   18.2463341       1.51454988E-05
   18.2702827       4.16217590E-05
   18.2942314       3.21532025E-05
   18.3181820       3.27828566E-05
   18.3421307       3.11229342E-05
   18.3660793       2.26967459E-05
   18.3900299       8.04760589E-07
   18.4139786       1.12965554E-05
   18.4379272       1.39928552E-05
   18.4618759       5.51851481E-05
   18.4858265       1.26149054E-04
   18.5097752       8.17692198E-05
   18.5337238       8.92379030E-05
   18.5576725       6.71903836E-05
   18.5816231       4.81608513E-05
   18.6055717       1.52208941E-05
   18.6295204       2.21728678E-05
   18.6534691       1.69810173E-05
   18.6774197       1.11192698E-04
   18.7013683       1.00138597E-04
   18.7253170       1.03762804E-05
   18.7492657       8.25688585E-06
   18.7732162       1.36875451E-05
   18.7971649       7.34787955E-06
   18.8211136       9.22578238E-06
   18.8450623       2.79809119E-05
   18.8690128       2.83859754E-05
   18.8929615       1.30799926E-05
   18.9169102       4.50225889E-05
   18.9408607       5.46947922E-06
   18.9648094       4.42005148E-06
   18.9887581       7.18706178E-06
   19.0127068       4.65901794E-05
   19.0366573       5.23998606E-05
   19.0606060       5.47945237E-05
   19.0845547       5.82862049E-05
   19.1085033       1.73050517E-04
   19.1324539       9.74408686E-05
   19.1564026       1.73045373E-05
   19.1803513       3.56413184E-05
   19.2042999       5.60089102E-05
   19.2282505       4.55640147E-05
   19.2521992       3.05646681E-05
   19.2761478       2.37221539E-05
   19.3000965       1.70288931E-05
   19.3240471       9.21733408E-06
   19.3479958       3.95917505E-06
   19.3719444       1.49700836E-05
   19.3958931       1.76781814E-05
   19.4198437       2.97931183E-06
   19.4437923       6.97597397E-06
   19.4677410       5.10065365E-05
   19.4916916       4.35282927E-05
   19.5156403       1.62037431E-05
   19.5395889       8.03260918E-05
   19.5635376       1.50353415E-04
   19.5874882       1.18123047E-04
   19.6114368       2.51798658E-04
   19.6353855       3.04030254E-04
   19.6593342       2.39916961E-04
   19.6832848       6.51728988E-05
   19.7072334       5.70202883E-06
   19.7311821       4.85449273E-05
   19.7551308       4.36058945E-05
   19.7790813       7.83050655E-06
   19.8030300       5.74089745E-06
   19.8269787       9.18681508E-06
   19.8509274       2.79189626E-05
   19.8748779       3.43412758E-05
   19.8988266       4.81923780E-05
   19.9227753       5.25891392E-06
   19.9467258       5.85353337E-05
   19.9706745       1.11280460E-04
   19.9946232       7.24208512E-05
   20.0185719       1.58715648E-05
   20.0425224       5.27936318E-05
   20.0664711       5.18206507E-05
   20.0904198       2.72293946E-05
   20.1143684       1.18549742E-05
   20.1383190       4.32038069E-05
   20.1622677       1.10139717E-05
   20.1862164       2.37264067E-05
   20.2101650       3.23401728E-05
   20.2341156       2.13911590E-05
   20.2580643       1.47005460E-06
   20.2820129       8.65297920E-07
   20.3059616       1.32981168E-05
   20.3299122       6.69759356E-06
   20.3538609       9.02863803E-07
   20.3778095       7.69637609E-07
   20.4017582       1.71343709E-05
   20.4257088       9.24514825E-06
   20.4496574       2.74565700E-05
   20.4736061       2.38208941E-05
   20.4975567       6.24318927E-05
   20.5215054       4.63543802E-05
   20.5454540       5.17616973E-05
   20.5694027       1.88743998E-05
   20.5933533       5.48805428E-06
   20.6173019       2.98047621E-06
   20.6412506       2.21765461E-07
   20.6651993       3.90151836E-05
   20.6891499       8.48627678E-05
   20.7130985       4.48678475E-05
   20.7370472       9.30743170E-07
   20.7609959       6.42084524E-06
   20.7849464       7.16342220E-06
   20.8088951       2.33074684E-06
   20.8328438       4.91278342E-06
   20.8567924       1.99929891E-05
   20.8807430       9.73404076E-06
   20.9046917       9.63554194E-05
   20.9286404       1.14886752E-04
   20.9525909       6.04913330E-05
   20.9765396       2.26864904E-05
   21.0004883       4.49172076E-05
   21.0244370       7.70044717E-05
   21.0483875       6.06692047E-05
   21.0723362       9.68654349E-05
   21.0962849       1.28434680E-04
   21.1202335       1.41260534E-04
   21.1441841       6.84414408E-06
   21.1681328       4.58327395E-06
   21.1920815       3.86426518E-06
   21.2160301       2.34985100E-06
   21.2399807       8.57833641E-07
   21.2639294       5.06756180E-07
   21.2878780       8.81669450E-07
   21.3118267       2.92224177E-05
   21.3357773       4.23502970E-05
   21.3597260       2.21666032E-05
   21.3836746       5.15992360E-05
   21.4076233       4.86043427E-05
   21.4315739       1.07112326E-04
   21.4555225       1.31236447E-04
   21.4794712       1.53115427E-04
   21.5034218       5.52338970E-05
   21.5273705       5.33460661E-06
   21.5513191       7.83419000E-06
   21.5752678       5.74758042E-06
   21.5992184       8.70393160E-06
   21.6231670       4.81229436E-05
   21.6471157       5.10901773E-05
   21.6710644       3.05435133E-05
   21.6950150       5.87416871E-05
   21.7189636       6.69468682E-06
   21.7429123       1.04399314E-05
   21.7668610       2.18323730E-05
   21.7908115       1.28155607E-05
   21.8147602       2.50047060E-06
   21.8387089       1.55288726E-05
   21.8626575       3.75210038E-05
   21.8866081       3.32124800E-05
   21.9105568       2.30243058E-05
   21.9345055       3.19781466E-05
   21.9584541       4.12801237E-05
   21.9824047       1.87577043E-05
   22.0063534       3.70577000E-05
   22.0303020       5.34067585E-05
   22.0542526       8.17577238E-05
   22.0782013       4.96435277E-05
   22.1021500       8.78955507E-06
   22.1260986       1.14506270E-06
   22.1500492       1.10950932E-05
   22.1739979       4.27316008E-05
   22.1979465       1.68953382E-04
   22.2218952       1.19259494E-04
   22.2458458       5.16666041E-05
   22.2697945       8.77929597E-06
   22.2937431       3.45762746E-05
   22.3176918       1.14264767E-05
   22.3416424       1.28576619E-06
   22.3655910       2.79255019E-05
   22.3895397       1.99994593E-05
   22.4134884       1.30781627E-05
   22.4374390       3.79838457E-05
   22.4613876       1.88074864E-05
   22.4853363       1.65155252E-05
   22.5092869       5.94799985E-06
   22.5332355       5.42957787E-05
   22.5571842       1.18899865E-04
   22.5811329       2.04137086E-05
   22.6050835       1.66429872E-05
   22.6290321       4.05116516E-05
   22.6529808       3.28077731E-05
   22.6769295       6.21315621E-07
   22.7008801       2.85460974E-05
   22.7248287       3.42893654E-05
   22.7487774       5.18142551E-05
   22.7727261       6.48917194E-05
   22.7966766       1.25756524E-05
   22.8206253       5.16315185E-06
   22.8445740       3.77321740E-05
   22.8685226       7.28178929E-05
   22.8924732       6.10725510E-06
   22.9164219       1.76559172E-06
   22.9403706       2.35129519E-05
   22.9643192       2.60898942E-05
   22.9882698       2.82678193E-05
   23.0122185       1.30100525E-05
   23.0361671       1.37816014E-05
   23.0601177       5.71527089E-05
   23.0840664       5.47820018E-05
   23.1080151       1.33250796E-04
   23.1319637       1.13650538E-04
   23.1559143       4.51341439E-05
   23.1798630       9.52000992E-05
   23.2038116       7.50887848E-05
   23.2277603       3.35747864E-05
   23.2517109       2.58504097E-05
   23.2756596       1.11929921E-05
   23.2996082       5.28499040E-05
   23.3235569       5.07534241E-05
   23.3475075       4.84531884E-05
   23.3714561       3.35906770E-06
   23.3954048       2.51235224E-06
   23.4193535       1.59188312E-05
   23.4433041       1.41409218E-05
   23.4672527       1.01314341E-04
   23.4912014       1.74346234E-04
   23.5151520       1.08949207E-04
   23.5391006       1.20692741E-04
   23.5630493       3.01163091E-05
   23.5869980       4.91691753E-05
   23.6109486       2.49893969E-06
   23.6348972       9.83635709E-06
   23.6588459       2.15293021E-05
   23.6827946       5.47548043E-05
   23.7067451       4.66738638E-05
   23.7306938       8.95167796E-06
   23.7546425       6.95904964E-06
   23.7785912       4.52141421E-06
   23.8025417       6.27221161E-05
   23.8264904       3.02253793E-05
   23.8504391       3.36200937E-05
   23.8743877       6.98760778E-05
   23.8983383       1.08463377E-04
   23.9222870       5.56516388E-05
   23.9462357       4.35764741E-06
   23.9701843       1.30222361E-05
   23.9941349       6.26851688E-05
   24.0180836       7.78450485E-05
   24.0420322       1.70330721E-04
   24.0659828       1.13889575E-04
   24.0899315       3.30118237E-05
   24.1138802       8.04075808E-06
   24.1378288       2.27214077E-05
   24.1617794       7.16477189E-06
   24.1857281       1.03264329E-05
   24.2096767       1.11730642E-05
   24.2336254       9.49193145E-06
   24.2575760       2.69839657E-05
   24.2815247       7.21948309E-05
   24.3054733       4.17559932E-05
   24.3294220       9.42957013E-06
   24.3533726       1.81674914E-05
   24.3773212       3.83583174E-05
   24.4012699       1.58285693E-05
   24.4252186       3.06765287E-05
   24.4491692       5.56555060E-05
   24.4731178       9.28408481E-05
   24.4970665       1.83497868E-05
   24.5210171       8.11954669E-05
   24.5449657       2.00477778E-04
   24.5689144       1.29798864E-04
   24.5928631       3.53221621E-05
   24.6168137       8.99512379E-05
   24.6407623       1.03551945E-04
   24.6647110       2.48508950E-05
   24.6886597       3.44775526E-06
   24.7126102       5.04034824E-06
   24.7365589       9.39128076E-05
   24.7605076       1.17167816E-04
   24.7844563       1.48605643E-04
   24.8084068       2.14294851E-04
   24.8323555       2.45387782E-04
   24.8563042       1.67051388E-04
   24.8802528       6.47352726E-06
   24.9042034       1.78478440E-05
   24.9281521       5.21238035E-05
   24.9521008       4.07196640E-05
   24.9760494       2.86118593E-05
   25.0000000       5.75991144E-05
