  0.500000000       2.14833068E-04
  0.523949146       4.02647478E-04
  0.547898352       6.43158855E-04
  0.571847498       1.32595305E-03
  0.595796704       1.79324590E-03
  0.619745851       1.54111162E-03
  0.643694997       1.21725234E-03
  0.667644143       1.29277643E-03
  0.691593349       1.30719354E-03
  0.715542555       1.27657223E-03
  0.739491701       9.95494076E-04
  0.763440847       1.15174043E-03
  0.787389994       1.82298152E-03
  0.811339200       1.99451717E-03
  0.835288346       1.97232026E-03
  0.859237552       2.21864576E-03
  0.883186698       2.84067122E-03
  0.907135844       2.70150532E-03
  0.931085050       2.01214943E-03
  0.955034196       2.37338268E-03
  0.978983402       2.71750777E-03
   1.00293255       2.98531936E-03
   1.02688169       3.44742369E-03
   1.05083084       4.33221878E-03
   1.07477999       6.63068378E-03
   1.09872913       8.35737679E-03
   1.12267840       1.00743482E-02
   1.14662755       1.09847141E-02
   1.17057669       1.25081623E-02
   1.19452596       1.36822322E-02
   1.21847510       1.34782959E-02
   1.24242425       1.58186648E-02
   1.26637340       1.75585281E-02
   1.29032254       1.96554959E-02
   1.31427169       2.11015549E-02
   1.33822083       2.47214511E-02
   1.36217010       2.96867192E-02
   1.38611925       3.15550119E-02
   1.41006839       3.23366933E-02
   1.43401766       3.28013524E-02
   1.45796680       3.56754512E-02
   1.48191595       3.76996882E-02
   1.50586510       3.87928411E-02
   1.52981424       4.28351052E-02
   1.55376339       4.79097068E-02
   1.57771254       5.62646426E-02
   1.60166180       6.14402294E-02
   1.62561095       6.92960918E-02
   1.64956009       7.80746192E-02
   1.67350924       8.62057209E-02
   1.69745839       9.10366997E-02
   1.72140765       9.64491591E-02
   1.74535680      0.106458806    
   1.76930594      0.114530273    
   1.79325509      0.120118745    
   1.81720424      0.128653184    
   1.84115338      0.139851645    
   1.86510265      0.152276933    
   1.88905180      0.158561245    
   1.91300094      0.169260651    
   1.93695009      0.179031521    
   1.96089923      0.186674058    
   1.98484850      0.192631736    
   2.00879765      0.201000690    
   2.03274679      0.212461904    
   2.05669594      0.222625434    
   2.08064508      0.229953557    
   2.10459423      0.239433482    
   2.12854338      0.254418701    
   2.15249252      0.272221535    
   2.17644167      0.283998638    
   2.20039082      0.299692690    
   2.22434020      0.318520933    
   2.24828935      0.336966366    
   2.27223849      0.348733455    
   2.29618764      0.363158107    
   2.32013679      0.381686002    
   2.34408593      0.394195855    
   2.36803532      0.406821549    
   2.39198446      0.417276919    
   2.41593361      0.435469985    
   2.43988276      0.452756941    
   2.46383190      0.460844159    
   2.48778105      0.470354110    
   2.51173019      0.478831023    
   2.53567934      0.487759292    
   2.55962849      0.488537759    
   2.58357763      0.487976491    
   2.60752678      0.496540278    
   2.63147593      0.507142723    
   2.65542507      0.513983428    
   2.67937446      0.521848321    
   2.70332360      0.539380968    
   2.72727275      0.554491341    
   2.75122190      0.559167802    
   2.77517104      0.564286172    
   2.79912019      0.573644400    
   2.82306933      0.582304001    
   2.84701848      0.584192157    
   2.87096763      0.584129870    
   2.89491677      0.593219280    
   2.91886592      0.599482119    
   2.94281530      0.602794230    
   2.96676445      0.604369640    
   2.99071360      0.610732079    
   3.01466274      0.608114183    
   3.03861189      0.593879461    
   3.06256104      0.583985329    
   3.08651018      0.576026440    
   3.11045933      0.568931460    
   3.13440847      0.551437795    
   3.15835762      0.539322078    
   3.18230677      0.536528349    
   3.20625615      0.533844411    
   3.23020530      0.529499173    
   3.25415444      0.517996609    
   3.27810359      0.518640816    
   3.30205274      0.512405932    
   3.32600188      0.503104568    
   3.34995103      0.489363730    
   3.37390018      0.478851944    
   3.39784932      0.470656127    
   3.42179847      0.455680966    
   3.44574785      0.448409349    
   3.46969700      0.443621367    
   3.49364614      0.437701613    
   3.51759529      0.427823395    
   3.54154444      0.411470085    
   3.56549358      0.402335972    
   3.58944273      0.388480276    
   3.61339188      0.369842708    
   3.63734102      0.348473191    
   3.66129017      0.332028657    
   3.68523932      0.320817351    
   3.70918870      0.306197643    
   3.73313785      0.295685470    
   3.75708699      0.290173203    
   3.78103614      0.283018351    
   3.80498528      0.272615403    
   3.82893443      0.257093370    
   3.85288358      0.249641448    
   3.87683272      0.240060583    
   3.90078187      0.224838227    
   3.92473102      0.211542070    
   3.94868040      0.204120263    
   3.97262955      0.201239765    
   3.99657869      0.195404440    
   4.02052784      0.190463364    
   4.04447699      0.184510261    
   4.06842613      0.182177663    
   4.09237528      0.173371896    
   4.11632442      0.161409974    
   4.14027357      0.151274472    
   4.16422272      0.138646826    
   4.18817186      0.126302272    
   4.21212101      0.113985464    
   4.23607063      0.109123312    
   4.26001930      0.106966347    
   4.28396893       9.93866399E-02
   4.30791759       9.28721204E-02
   4.33186722       8.86545852E-02
   4.35581589       8.65366757E-02
   4.37976551       7.94103295E-02
   4.40371418       7.13794604E-02
   4.42766380       6.74569160E-02
   4.45161247       6.37911782E-02
   4.47556210       6.07312694E-02
   4.49951124       5.78319505E-02
   4.52346039       5.66608608E-02
   4.54740953       5.72574176E-02
   4.57135868       5.51158600E-02
   4.59530783       5.22800684E-02
   4.61925697       4.94480506E-02
   4.64320612       4.79300208E-02
   4.66715527       4.35387641E-02
   4.69110441       3.77149731E-02
   4.71505356       3.48653831E-02
   4.73900270       3.27639841E-02
   4.76295185       2.96774767E-02
   4.78690100       2.57978458E-02
   4.81085014       2.46308688E-02
   4.83479929       2.34051030E-02
   4.85874891       2.15483550E-02
   4.88269806       1.92468651E-02
   4.90664721       1.68823618E-02
   4.93059635       1.56681351E-02
   4.95454550       1.34473303E-02
   4.97849464       1.18385442E-02
   5.00244379       1.11977337E-02
   5.02639294       1.24730729E-02
   5.05034208       1.29224118E-02
   5.07429123       1.18442765E-02
   5.09824038       1.20480694E-02
   5.12218952       1.26639884E-02
   5.14613867       1.24206236E-02
   5.17008781       1.04637826E-02
   5.19403696       8.66500009E-03
   5.21798611       7.87372235E-03
   5.24193525       6.58291904E-03
   5.26588440       5.75223751E-03
   5.28983355       5.25743468E-03
   5.31378269       5.04138600E-03
   5.33773184       4.72853659E-03
   5.36168146       3.82490945E-03
   5.38563061       3.52854305E-03
   5.40957975       3.23890266E-03
   5.43352890       2.53036083E-03
   5.45747805       1.53001689E-03
   5.48142719       8.77281418E-04
   5.50537634       7.62438634E-04
   5.52932549       7.29203108E-04
   5.55327463       7.46589387E-04
   5.57722378       9.84061626E-04
   5.60117292       1.68198673E-03
   5.62512207       2.17694370E-03
   5.64907122       1.72065326E-03
   5.67302036       1.74260954E-03
   5.69696951       1.54700200E-03
   5.72091866       1.27726281E-03
   5.74486780       6.80108496E-04
   5.76881695       5.12484927E-04
   5.79276609       5.87893184E-04
   5.81671524       6.89253269E-04
   5.84066439       6.78327808E-04
   5.86461353       6.22021616E-04
   5.88856316       6.15520985E-04
   5.91251230       5.75966609E-04
   5.93646145       2.89583986E-04
   5.96041059       2.53983977E-04
   5.98435974       1.93289598E-04
   6.00830889       2.08523998E-04
   6.03225803       4.41774260E-04
   6.05620718       3.32655240E-04
   6.08015633       1.93695378E-04
   6.10410547       2.38437089E-04
   6.12805462       3.00205254E-04
   6.15200377       3.40912171E-04
   6.17595291       3.75568372E-04
   6.19990206       3.89357854E-04
   6.22385120       3.30467097E-04
   6.24780035       3.81950667E-04
   6.27174950       3.34804616E-04
   6.29569864       1.49202213E-04
   6.31964779       1.10816785E-04
   6.34359694       1.19434379E-04
   6.36754608       1.42081335E-04
   6.39149570       1.49138403E-04
   6.41544485       9.56246295E-05
   6.43939400       1.10709065E-04
   6.46334314       1.35541850E-04
   6.48729229       4.45103011E-04
   6.51124144       6.32693584E-04
   6.53519058       7.73358450E-04
   6.55913973       7.83859345E-04
   6.58308887       5.86601207E-04
   6.60703802       7.59942806E-04
   6.63098717       6.83266902E-04
   6.65493631       4.74799977E-04
   6.67888546       2.88081239E-04
   6.70283461       3.34767974E-04
   6.72678375       4.68568993E-04
   6.75073290       3.61941493E-04
   6.77468204       2.93025980E-04
   6.79863119       3.11651063E-04
   6.82258034       3.79110628E-04
   6.84652948       2.38588458E-04
   6.87047863       1.39897646E-04
   6.89442825       7.90586055E-05
   6.91837740       9.99108088E-05
   6.94232655       8.30737699E-05
   6.96627569       7.96667373E-05
   6.99022484       4.52344175E-05
   7.01417398       1.11721907E-04
   7.03812313       1.84895893E-04
   7.06207228       2.80668668E-04
   7.08602142       2.96699640E-04
   7.10997057       4.77104710E-04
   7.13391972       4.92003514E-04
   7.15786886       4.51187690E-04
   7.18181801       6.27832429E-04
   7.20576715       5.12903556E-04
   7.22971630       4.58670052E-04
   7.25366545       3.41112231E-04
   7.27761459       3.94411152E-04
   7.30156374       4.20320022E-04
   7.32551289       2.47132179E-04
   7.34946203       1.32213783E-04
   7.37341118       3.45051012E-05
   7.39736080       4.79535229E-05
   7.42130995       2.55485356E-05
   7.44525909       2.17343604E-05
   7.46920824       4.87370889E-05
   7.49315739       5.59573127E-05
   7.51710653       6.63584724E-05
   7.54105568       1.47452593E-04
   7.56500483       3.10686664E-05
   7.58895397       5.08975882E-06
   7.61290312       4.67994250E-05
   7.63685226       6.55787808E-05
   7.66080141       9.92568166E-05
   7.68475056       1.75515743E-04
   7.70869970       1.80872652E-04
   7.73264885       8.31393700E-05
   7.75659800       2.70432429E-05
   7.78054714       2.33429419E-05
   7.80449629       3.04537134E-05
   7.82844543       1.51997074E-05
   7.85239458       5.42610687E-05
   7.87634373       1.26768224E-04
   7.90029287       1.53462257E-04
   7.92424250       5.77808605E-05
   7.94819164       2.00229879E-05
   7.97214079       3.21301241E-06
   7.99608994       2.41651414E-05
   8.02003860       1.49574189E-04
   8.04398823       3.37601377E-04
   8.06793785       2.04081167E-04
   8.09188652       7.01436875E-05
   8.11583519       4.03316117E-05
   8.13978481       1.20258146E-05
   8.16373444       5.67078168E-05
   8.18768311       7.23568373E-05
   8.21163177       4.22558187E-05
   8.23558140       1.78734554E-05
   8.25953102       1.55210873E-05
   8.28347969       2.79617525E-05
   8.30742836       3.30137300E-06
   8.33137798       4.59789862E-06
   8.35532761       2.38199937E-05
   8.37927628       5.09967649E-05
   8.40322495       4.52885470E-05
   8.42717552       4.27653868E-05
   8.45112419       3.87916371E-05
   8.47507286       4.81099341E-05
   8.49902248       4.38627358E-05
   8.52297115       1.18103504E-04
   8.54692078       2.08608748E-04
   8.57086945       3.40201863E-04
   8.59481907       3.78058961E-04
   8.61876774       4.63136530E-04
   8.64271736       2.32014616E-04
   8.66666603       1.11220761E-04
   8.69061565       9.39831152E-05
   8.71456528       8.03576331E-05
   8.73851395       4.63783326E-05
   8.76246357       5.44999966E-05
   8.78641224       4.03964405E-05
   8.81036186       7.09321830E-05
   8.83431053       6.61721569E-05
   8.85826015       1.32131227E-05
   8.88220882       5.61138677E-06
   8.90615845       2.17232969E-06
   8.93010712       2.97874212E-05
   8.95405674       1.63399352E-04
   8.97800541       2.24721967E-04
   9.00195503       8.01904607E-05
   9.02590370       5.92461911E-05
   9.04985332       3.91240319E-05
   9.07380199       7.84975491E-05
   9.09775162       2.60159461E-04
   9.12170029       3.49429087E-04
   9.14564991       2.99598149E-04
   9.16959858       2.58354004E-04
   9.19354820       3.14013596E-04
   9.21749783       1.91626081E-04
   9.24144650       1.33650043E-04
   9.26539612       8.41638976E-05
   9.28934479       1.91022875E-04
   9.31329441       2.93870311E-04
   9.33724308       2.17232635E-04
   9.36119270       1.64689074E-04
   9.38514137       9.69863904E-05
   9.40909100       4.75772504E-05
   9.43303967       3.27840607E-05
   9.45698929       5.48578901E-05
   9.48093796       3.60484300E-05
   9.50488758       6.72995739E-05
   9.52883625       9.15026176E-05
   9.55278587       8.11240243E-05
   9.57673454       1.11460340E-05
   9.60068417       4.62666721E-05
   9.62463284       8.23971350E-05
   9.64858246       1.21496545E-04
   9.67253113       1.02614089E-04
   9.69648075       1.75279944E-04
   9.72043037       7.55151850E-05
   9.74437904       1.02321239E-04
   9.76832867       1.01250276E-04
   9.79227734       1.47324376E-04
   9.81622696       1.92718449E-04
   9.84017563       2.06226847E-04
   9.86412525       3.80543177E-04
   9.88807392       4.05952276E-04
   9.91202354       1.42482560E-04
   9.93597221       4.99176022E-05
   9.95992184       9.05661909E-06
   9.98387051       1.54598092E-05
   10.0078201       9.89079490E-05
   10.0317688       2.35666928E-04
   10.0557184       2.00867828E-04
   10.0796671       7.74074579E-05
   10.1036167       5.46226947E-05
   10.1275654       2.40382906E-05
   10.1515150       2.53905200E-05
   10.1754637       7.27453444E-05
   10.1994133       5.64503607E-05
   10.2233629       1.02630547E-05
   10.2473116       2.94955498E-05
   10.2712612       4.92599065E-05
   10.2952099       6.03814260E-06
   10.3191595       3.32794552E-05
   10.3431082       7.56741574E-05
   10.3670578       2.87824776E-04
   10.3910065       3.51543509E-04
   10.4149561       2.72998994E-04
   10.4389048       2.48485478E-04
   10.4628544       1.60469615E-04
   10.4868031       9.14138291E-05
   10.5107527       2.40618101E-06
   10.5347013       5.13727828E-05
   10.5586510       1.16217554E-04
   10.5825996       1.60896481E-04
   10.6065493       1.17173971E-04
   10.6304979       5.02373478E-05
   10.6544476       1.15751527E-06
   10.6783962       1.87267847E-06
   10.7023458       2.16289645E-05
   10.7262955       2.78999742E-05
   10.7502441       1.22259235E-05
   10.7741938       2.70262681E-05
   10.7981424       6.41287043E-05
   10.8220921       5.07907862E-05
   10.8460407       1.80851730E-05
   10.8699903       4.78387701E-05
   10.8939390       2.24343617E-04
   10.9178886       2.29136291E-04
   10.9418373       4.30458720E-04
   10.9657869       3.66924593E-04
   10.9897356       2.77428015E-04
   11.0136852       1.66831989E-04
   11.0376339       8.31061698E-05
   11.0615835       1.84347409E-05
   11.0855322       2.19143985E-05
   11.1094818       2.56851818E-05
   11.1334305       2.46661830E-06
   11.1573801       2.42389933E-06
   11.1813288       3.04787392E-07
   11.2052784       4.34418735E-06
   11.2292271       1.46512195E-06
   11.2531767       2.21186692E-05
   11.2771263       5.48661628E-05
   11.3010750       1.59096147E-04
   11.3250246       1.41002994E-04
   11.3489733       5.71089695E-05
   11.3729229       8.68557545E-05
   11.3968716       5.31728874E-05
   11.4208212       6.24699715E-06
   11.4447699       8.22504153E-05
   11.4687195       7.04336708E-05
   11.4926682       3.76289609E-05
   11.5166178       8.83215253E-05
   11.5405664       9.30804745E-05
   11.5645161       7.79457841E-05
   11.5884647       2.33098617E-05
   11.6124144       2.17670440E-05
   11.6363630       2.76539085E-05
   11.6603127       2.47968710E-05
   11.6842613       4.06183972E-05
   11.7082109       1.43690741E-05
   11.7321596       3.57248246E-05
   11.7561092       1.17857471E-05
   11.7800589       1.54706941E-05
   11.8040075       1.70519070E-05
   11.8279572       2.97938877E-05
   11.8519058       8.74235920E-05
   11.8758554       2.59644759E-04
   11.8998041       1.35679802E-04
   11.9237537       5.54473554E-05
   11.9477024       1.84134387E-05
   11.9716520       2.01902767E-05
   11.9956007       4.65543417E-05
   12.0195503       1.38829928E-04
   12.0434990       1.23736463E-04
   12.0674486       9.05122361E-05
   12.0913973       8.21111462E-05
   12.1153469       7.05705243E-05
   12.1392956       1.22678743E-04
   12.1632452       4.42581731E-05
   12.1871939       4.69659171E-05
   12.2111435       4.64639306E-05
   12.2350922       8.95603152E-05
   12.2590418       5.57187595E-05
   12.2829914       3.25252986E-05
   12.3069401       2.62716712E-05
   12.3308897       3.86100737E-06
   12.3548384       4.30328828E-06
   12.3787880       5.32189224E-05
   12.4027367       3.74375377E-05
   12.4266863       1.00080921E-04
   12.4506350       1.43705372E-04
   12.4745846       1.02405626E-04
   12.4985332       4.13208691E-05
   12.5224829       1.23870341E-05
   12.5464315       1.13951064E-05
   12.5703812       2.24217183E-05
   12.5943298       6.91718524E-05
   12.6182795       1.50943131E-04
   12.6422281       8.37599509E-05
   12.6661777       1.24387561E-05
   12.6901264       4.03537306E-05
   12.7140760       9.33039701E-05
   12.7380247       3.86613319E-05
   12.7619743       2.77506915E-05
   12.7859240       4.96104985E-05
   12.8098726       1.73014108E-04
   12.8338223       1.65542864E-04
   12.8577709       9.49912428E-05
   12.8817205       5.11003418E-05
   12.9056692       3.34744218E-05
   12.9296188       1.18221999E-06
   12.9535675       1.32883564E-04
   12.9775171       1.87871614E-04
   13.0014658       1.20852063E-04
   13.0254154       1.37705109E-04
   13.0493641       1.24865954E-04
   13.0733137       4.94912056E-05
   13.0972624       1.69854848E-05
   13.1212120       3.66238382E-05
   13.1451607       2.66705774E-05
   13.1691103       4.31886247E-06
   13.1930590       1.08694530E-05
   13.2170086       7.92138962E-06
   13.2409573       2.40287773E-05
   13.2649069       2.61533955E-06
   13.2888565       6.79724417E-06
   13.3128052       2.26761877E-05
   13.3367548       1.71332722E-05
   13.3607035       4.04547500E-05
   13.3846531       1.31133726E-04
   13.4086018       1.00162943E-04
   13.4325514       2.73923179E-05
   13.4565001       7.70613769E-05
   13.4804497       5.56800333E-05
   13.5043983       6.50160800E-05
   13.5283480       1.39343640E-04
   13.5522966       1.64856829E-04
   13.5762463       9.73446586E-05
   13.6001949       4.20102260E-05
   13.6241446       3.86193096E-05
   13.6480932       1.80021161E-05
   13.6720428       7.89904152E-06
   13.6959915       6.00526510E-05
   13.7199411       2.81449684E-05
   13.7438898       7.37637820E-05
   13.7678394       4.61261288E-06
   13.7917891       3.11606277E-06
   13.8157377       1.09023304E-05
   13.8396873       1.84912551E-05
   13.8636360       1.57477611E-04
   13.8875856       3.42443935E-04
   13.9115343       2.39811474E-04
   13.9354839       1.53336412E-04
   13.9594326       1.57615301E-04
   13.9833822       8.15092426E-05
   14.0073309       1.30929684E-05
   14.0312805       4.93606567E-05
   14.0552292       3.24466964E-05
   14.0791788       4.85730598E-05
   14.1031275       6.64781910E-05
   14.1270771       3.64779407E-05
   14.1510258       1.27652515E-06
   14.1749754       5.03654246E-06
   14.1989241       1.25354481E-05
   14.2228737       5.97232138E-05
   14.2468224       8.21214417E-05
   14.2707720       1.01306447E-04
   14.2947216       1.69251420E-04
   14.3186703       1.84367876E-04
   14.3426199       3.58439029E-05
   14.3665686       2.97600764E-06
   14.3905182       1.32139876E-05
   14.4144669       1.35922252E-04
   14.4384165       3.79255245E-04
   14.4623652       3.38269718E-04
   14.4863148       1.28688989E-04
   14.5102634       7.76993766E-05
   14.5342131       7.05344864E-05
   14.5581617       1.02224141E-04
   14.5821114       2.57946849E-05
   14.6060600       1.63945224E-05
   14.6300097       8.85383088E-06
   14.6539583       3.98064622E-05
   14.6779079       3.67906177E-05
   14.7018566       1.40359634E-06
   14.7258062       1.96654528E-05
   14.7497549       5.73832367E-05
   14.7737045       1.36889401E-04
   14.7976532       2.53869453E-04
   14.8216028       2.78630934E-04
   14.8455524       2.69109034E-04
   14.8695011       2.64027563E-04
   14.8934507       9.90389308E-05
   14.9173994       6.37470748E-06
   14.9413490       6.17725600E-05
   14.9652977       1.65200618E-04
   14.9892473       7.92462815E-05
   15.0131960       1.24206781E-04
   15.0371456       1.49989282E-04
   15.0610943       6.71909947E-05
   15.0850439       8.75700334E-06
   15.1089926       4.04323582E-05
   15.1329422       5.20237736E-05
   15.1568909       2.63634865E-05
   15.1808405       5.36275547E-05
   15.2047892       1.14526461E-04
   15.2287388       1.45975602E-04
   15.2526875       3.92157599E-05
   15.2766371       7.28683472E-06
   15.3005857       8.84730980E-06
   15.3245354       1.13954884E-04
   15.3484850       1.94104650E-04
   15.3724337       4.25925566E-04
   15.3963833       3.86925472E-04
   15.4203320       1.27783278E-04
   15.4442816       8.14579616E-05
   15.4682302       1.74523011E-05
   15.4921799       2.96131257E-05
   15.5161285       1.07758948E-04
   15.5400782       7.73721986E-05
   15.5640268       8.05141781E-07
   15.5879765       2.86814975E-05
   15.6119251       1.21101020E-05
   15.6358747       2.80682548E-06
   15.6598234       4.26223687E-06
   15.6837730       7.13349873E-05
   15.7077217       2.08699843E-04
   15.7316713       1.87831261E-04
   15.7556200       1.48695515E-04
   15.7795696       7.69908293E-05
   15.8035183       1.09763132E-04
   15.8274679       1.92724328E-05
   15.8514175       4.38951756E-05
   15.8753662       7.71805135E-05
   15.8993158       7.35417489E-05
   15.9232645       9.03322798E-05
   15.9472141       1.56157301E-04
   15.9711628       3.53630167E-05
   15.9951124       2.24602172E-06
   16.0190620       1.16239007E-05
   16.0430107       1.54175268E-05
   16.0669594       2.04075077E-05
   16.0909081       4.26052111E-06
   16.1148567       3.52126917E-05
   16.1388073       4.54204237E-05
   16.1627560       1.58708499E-05
   16.1867065       1.56830065E-05
   16.2106552       7.65163786E-05
   16.2346039       1.00244906E-04
   16.2585526       2.49280507E-04
   16.2825012       3.31329560E-04
   16.3064499       1.96331253E-04
   16.3304005       3.71405004E-05
   16.3543510       1.12531052E-05
   16.3782997       2.93776829E-05
   16.4022484       1.36759718E-05
   16.4261971       9.19078375E-05
   16.4501457       7.04186386E-05
   16.4740944       2.93147168E-05
   16.4980450       3.41478953E-05
   16.5219936       7.30106331E-05
   16.5459423       7.04319682E-05
   16.5698929       8.43971648E-05
   16.5938416       6.18435151E-05
   16.6177902       1.43759811E-04
   16.6417389       1.11615111E-04
   16.6656895       7.88957550E-05
   16.6896381       1.60410593E-04
   16.7135868       1.36373768E-04
   16.7375355       4.97275432E-05
   16.7614861       1.35294795E-05
   16.7854347       5.44783688E-05
   16.8093834       8.28111952E-05
   16.8333321       1.71948690E-04
   16.8572826       2.20697373E-04
   16.8812313       2.65399663E-04
   16.9051800       8.67630952E-05
   16.9291306       6.21386425E-05
   16.9530792       3.12331613E-05
   16.9770279       1.50020796E-05
   17.0009766       3.70523885E-05
   17.0249271       5.09656675E-05
   17.0488758       3.47278706E-06
   17.0728245       7.04414560E-06
   17.0967731       3.72454997E-05
   17.1207237       3.56656747E-05
   17.1446724       4.90250241E-05
   17.1686211       7.23383200E-05
   17.1925697       1.61470831E-04
   17.2165203       1.67290244E-04
   17.2404690       1.61629301E-04
   17.2644176       1.80004063E-04
   17.2883663       1.31766690E-04
   17.3123169       4.53735520E-05
   17.3362656       3.52235702E-06
   17.3602142       5.83028486E-05
   17.3841648       7.60623734E-05
   17.4081135       9.18608712E-05
   17.4320621       2.59549561E-04
   17.4560108       2.43950606E-04
   17.4799614       4.03660088E-05
   17.5039101       4.01242178E-05
   17.5278587       2.56841686E-05
   17.5518074       3.10915639E-05
   17.5757580       2.04682856E-05
   17.5997066       2.60939288E-07
   17.6236553       2.33070682E-06
   17.6476040       9.88321972E-07
   17.6715546       2.63157722E-06
   17.6955032       3.88895824E-05
   17.7194519       2.65590534E-05
   17.7434006       7.19023446E-05
   17.7673512       2.12087078E-04
   17.7912998       2.42776048E-04
   17.8152485       1.96831767E-04
   17.8391972       1.50403357E-04
   17.8631477       1.44621881E-04
   17.8870964       5.82087523E-05
   17.9110451       1.77999864E-05
   17.9349957       8.19880515E-05
   17.9589443       8.52792728E-05
   17.9828930       7.87500612E-05
   18.0068417       8.14634186E-05
   18.0307922       1.43591542E-05
   18.0547409       1.01743408E-05
   18.0786896       1.20212444E-05
   18.1026382       3.48481299E-05
   18.1265888       9.35482094E-05
   18.1505375       3.01723558E-05
   18.1744862       3.59451551E-05
   18.1984348       8.15845924E-05
   18.2223854       8.50771612E-05
   18.2463341       1.43002171E-05
   18.2702827       7.52008054E-05
   18.2942314       1.43951052E-04
   18.3181820       1.32526504E-04
   18.3421307       1.75955516E-04
   18.3660793       1.35983719E-04
   18.3900299       5.36156986E-05
   18.4139786       1.17411137E-05
   18.4379272       7.48055527E-06
   18.4618759       1.48942063E-05
   18.4858265       2.26482589E-05
   18.5097752       2.00885079E-05
   18.5337238       1.40391749E-05
   18.5576725       5.82940447E-06
   18.5816231       2.35493394E-06
   18.6055717       4.14920760E-05
   18.6295204       6.47239140E-05
   18.6534691       7.12559704E-05
   18.6774197       1.80164992E-04
   18.7013683       4.02316713E-04
   18.7253170       2.52848811E-04
   18.7492657       1.62442855E-04
   18.7732162       8.80364823E-05
   18.7971649       7.48085076E-05
   18.8211136       2.10194321E-06
   18.8450623       1.26652012E-04
   18.8690128       3.58243378E-05
   18.8929615       3.49077782E-05
   18.9169102       3.47456371E-05
   18.9408607       6.73124450E-05
   18.9648094       1.18733642E-05
   18.9887581       1.85978279E-05
   19.0127068       5.47516647E-05
   19.0366573       6.20289065E-05
   19.0606060       8.30892241E-05
   19.0845547       1.62114829E-05
   19.1085033       4.63933065E-05
   19.1324539       3.11143558E-05
   19.1564026       3.32199647E-06
   19.1803513       1.96354322E-05
   19.2042999       8.42094523E-05
   19.2282505       1.13770431E-04
   19.2521992       3.17371043E-04
   19.2761478       3.34452401E-04
   19.3000965       1.53494984E-04
   19.3240471       2.78443822E-05
   19.3479958       6.29260467E-06
   19.3719444       4.79114933E-05
   19.3958931       7.54977518E-05
   19.4198437       6.84300903E-05
   19.4437923       4.51148044E-05
   19.4677410       9.78653225E-06
   19.4916916       1.71476386E-05
   19.5156403       3.98081920E-06
   19.5395889       2.60484114E-07
   19.5635376       3.79939229E-05
   19.5874882       1.07554013E-04
   19.6114368       3.05200287E-04
   19.6353855       3.02475324E-04
   19.6593342       1.00283258E-04
   19.6832848       7.47001905E-05
   19.7072334       1.32240066E-05
   19.7311821       8.47550200E-06
   19.7551308       2.22728835E-04
   19.7790813       3.64995911E-04
   19.8030300       2.15817170E-04
   19.8269787       1.74717105E-04
   19.8509274       1.29126202E-04
   19.8748779       1.54231820E-04
   19.8988266       2.94238016E-05
   19.9227753       1.03125167E-05
   19.9467258       1.83366064E-05
   19.9706745       1.60419695E-05
   19.9946232       1.40863340E-05
   20.0185719       3.90900095E-06
   20.0425224       1.41277378E-05
   20.0664711       1.09434893E-06
   20.0904198       9.47352237E-05
   20.1143684       1.93156477E-04
   20.1383190       2.35052794E-04
   20.1622677       1.86762278E-04
   20.1862164       2.84116570E-04
   20.2101650       2.15874476E-04
   20.2341156       1.18007214E-04
   20.2580643       1.78000155E-05
   20.2820129       1.00601637E-05
   20.3059616       5.27441853E-06
   20.3299122       6.81111414E-05
   20.3538609       6.57221390E-05
   20.3778095       3.08758354E-05
   20.4017582       9.70839756E-06
   20.4257088       5.33314815E-05
   20.4496574       3.85792082E-05
   20.4736061       8.02999512E-06
   20.4975567       9.12172163E-06
   20.5215054       8.19446504E-05
   20.5454540       1.34994872E-04
   20.5694027       6.82068930E-05
   20.5933533       1.72585605E-05
   20.6173019       1.39277299E-05
   20.6412506       2.89206564E-05
   20.6651993       9.29766175E-05
   20.6891499       2.29991929E-04
   20.7130985       2.82539258E-04
   20.7370472       1.54246984E-04
   20.7609959       2.15025313E-04
   20.7849464       8.55527906E-05
   20.8088951       3.76621247E-05
   20.8328438       5.02086805E-05
   20.8567924       2.22063190E-05
   20.8807430       1.19118079E-06
   20.9046917       4.78506490E-06
   20.9286404       3.58195464E-08
   20.9525909       1.07151918E-05
   20.9765396       3.06149814E-05
   21.0004883       1.21665053E-05
   21.0244370       6.02394794E-05
   21.0483875       8.62140587E-05
   21.0723362       1.44575635E-04
   21.0962849       1.38888718E-04
   21.1202335       2.21704031E-04
   21.1441841       5.24176721E-05
   21.1681328       6.08900700E-06
   21.1920815       8.37437801E-06
   21.2160301       1.31845281E-05
   21.2399807       8.83433822E-05
   21.2639294       2.30820879E-04
   21.2878780       1.46354447E-04
   21.3118267       6.62485036E-05
   21.3357773       9.18970618E-05
   21.3597260       9.66520893E-05
   21.3836746       1.06802341E-04
   21.4076233       2.94029323E-05
   21.4315739       3.69382615E-05
   21.4555225       6.08278388E-05
   21.4794712       7.33525885E-05
   21.5034218       5.53934951E-05
   21.5273705       3.75354512E-06
   21.5513191       2.24299356E-06
   21.5752678       2.69642587E-05
   21.5992184       9.23806583E-05
   21.6231670       1.91643674E-04
   21.6471157       1.66133526E-04
   21.6710644       1.53911926E-04
   21.6950150       2.44123206E-04
   21.7189636       1.23281425E-04
   21.7429123       5.36280240E-05
   21.7668610       1.36309279E-06
   21.7908115       6.44639886E-06
   21.8147602       1.35860237E-05
   21.8387089       4.70777741E-05
   21.8626575       6.60224687E-05
   21.8866081       3.76078133E-05
   21.9105568       1.67112867E-05
   21.9345055       4.05698884E-05
   21.9584541       4.07266925E-05
   21.9824047       3.53777723E-05
   22.0063534       2.33254996E-05
   22.0303020       4.24422651E-05
   22.0542526       1.25891340E-04
   22.0782013       4.73570472E-05
   22.1021500       9.24959750E-06
   22.1260986       5.90059744E-06
   22.1500492       3.47128953E-05
   22.1739979       4.83521180E-05
   22.1979465       2.15909924E-04
   22.2218952       2.00954324E-04
   22.2458458       2.06341254E-04
   22.2697945       1.53513713E-04
   22.2937431       9.66253356E-05
   22.3176918       1.39597396E-05
   22.3416424       2.62413378E-05
   22.3655910       1.72327709E-05
   22.3895397       1.72760501E-05
   22.4134884       2.01168023E-05
   22.4374390       6.27462941E-05
   22.4613876       1.91698982E-05
   22.4853363       5.13878331E-06
   22.5092869       3.82431135E-05
   22.5332355       8.39929344E-05
   22.5571842       9.40674072E-05
   22.5811329       1.04908482E-04
   22.6050835       9.84803482E-05
   22.6290321       7.48924431E-05
   22.6529808       1.02495851E-05
   22.6769295       3.20630134E-05
   22.7008801       4.32046982E-05
   22.7248287       2.59891513E-05
   22.7487774       1.10020403E-04
   22.7727261       2.86061259E-04
   22.7966766       2.57998443E-04
   22.8206253       1.40945587E-04
   22.8445740       7.90207414E-05
   22.8685226       1.11602385E-04
   22.8924732       6.92317044E-05
   22.9164219       3.17591548E-05
   22.9403706       7.33946217E-05
   22.9643192       2.22448216E-05
   22.9882698       6.26635883E-05
   23.0122185       5.05285607E-06
   23.0361671       4.15889781E-06
   23.0601177       1.18722528E-06
   23.0840664       1.04268591E-04
   23.1080151       2.24967938E-04
   23.1319637       3.20616062E-04
   23.1559143       1.50870153E-04
   23.1798630       1.02751248E-04
   23.2038116       1.20803910E-04
   23.2277603       6.16783655E-05
   23.2517109       1.14591940E-05
   23.2756596       5.56678242E-05
   23.2996082       6.07913207E-05
   23.3235569       1.00808786E-04
   23.3475075       1.24814411E-04
   23.3714561       4.40605072E-05
   23.3954048       2.20881229E-05
   23.4193535       4.27625855E-06
   23.4433041       4.27661544E-05
   23.4672527       1.02226055E-04
   23.4912014       1.10370216E-04
   23.5151520       8.38531269E-05
   23.5391006       1.46210499E-04
   23.5630493       1.55796661E-04
   23.5869980       1.25409579E-05
   23.6109486       6.97678206E-06
   23.6348972       7.94169973E-05
   23.6588459       1.25265142E-04
   23.6827946       2.23656956E-04
   23.7067451       1.64839570E-04
   23.7306938       6.35411270E-05
   23.7546425       2.14795018E-05
   23.7785912       4.10110886E-07
   23.8025417       7.66397079E-07
   23.8264904       4.41739030E-06
   23.8504391       2.72712678E-05
   23.8743877       3.03964953E-05
   23.8983383       7.24733836E-05
   23.9222870       4.14894275E-05
   23.9462357       1.48283752E-05
   23.9701843       2.43769864E-05
   23.9941349       1.88769445E-05
   24.0180836       1.30160042E-04
   24.0420322       2.64981441E-04
   24.0659828       3.60562146E-04
   24.0899315       2.60364381E-04
   24.1138802       1.30431377E-04
   24.1378288       6.17842306E-05
   24.1617794       1.63213917E-06
   24.1857281       4.67143946E-05
   24.2096767       1.67495426E-04
   24.2336254       4.52146269E-05
   24.2575760       8.76982449E-05
   24.2815247       8.81836022E-05
   24.3054733       4.63662400E-05
   24.3294220       8.23543087E-06
   24.3533726       4.68300641E-05
   24.3773212       6.60787118E-05
   24.4012699       1.99452661E-05
   24.4252186       9.61214937E-06
   24.4491692       1.70535423E-05
   24.4731178       2.94201054E-05
   24.4970665       4.92931395E-06
   24.5210171       6.60388323E-05
   24.5449657       1.69665043E-04
   24.5689144       3.92295129E-04
   24.5928631       4.24302154E-04
   24.6168137       7.02600228E-04
   24.6407623       5.62202709E-04
   24.6647110       2.00388793E-04
   24.6886597       9.41992112E-05
   24.7126102       5.07447294E-05
   24.7365589       5.64090187E-05
   24.7605076       8.05958916E-06
   24.7844563       8.50166515E-08
   24.8084068       6.21540676E-05
   24.8323555       1.13618145E-04
   24.8563042       9.07976355E-05
   24.8802528       2.31030845E-05
   24.9042034       2.75881393E-05
   24.9281521       9.26064167E-05
   24.9521008       8.80118532E-05
   24.9760494       3.55922020E-05
   25.0000000       6.13903394E-05
