  0.500000000       1.07167216E-04
  0.523949146       1.60305979E-04
  0.547898352       1.26899176E-04
  0.571847498       3.01022461E-04
  0.595796704       5.22551592E-04
  0.619745851       8.21385649E-04
  0.643694997       7.61692878E-04
  0.667644143       7.04759383E-04
  0.691593349       7.14498921E-04
  0.715542555       6.63345912E-04
  0.739491701       6.48023910E-04
  0.763440847       5.24160510E-04
  0.787389994       3.72985029E-04
  0.811339200       4.74282861E-04
  0.835288346       6.05845300E-04
  0.859237552       8.92598880E-04
  0.883186698       9.76947835E-04
  0.907135844       1.21446257E-03
  0.931085050       1.35924947E-03
  0.955034196       1.45353004E-03
  0.978983402       1.67605956E-03
   1.00293255       2.18884670E-03
   1.02688169       2.26363214E-03
   1.05083084       2.35667103E-03
   1.07477999       3.15357791E-03
   1.09872913       4.44612373E-03
   1.12267840       5.36538241E-03
   1.14662755       6.50481973E-03
   1.17057669       7.11723929E-03
   1.19452596       8.32277350E-03
   1.21847510       9.55455936E-03
   1.24242425       9.67871305E-03
   1.26637340       1.00607295E-02
   1.29032254       1.06140301E-02
   1.31427169       1.17050353E-02
   1.33822083       1.23960311E-02
   1.36217010       1.35012232E-02
   1.38611925       1.52935926E-02
   1.41006839       1.72496736E-02
   1.43401766       1.85093470E-02
   1.45796680       2.02780962E-02
   1.48191595       2.27654073E-02
   1.50586510       2.41897479E-02
   1.52981424       2.49645952E-02
   1.55376339       2.64878999E-02
   1.57771254       2.95435395E-02
   1.60166180       3.36646028E-02
   1.62561095       3.81852724E-02
   1.64956009       4.25780639E-02
   1.67350924       4.66783270E-02
   1.69745839       5.29056191E-02
   1.72140765       5.71781769E-02
   1.74535680       6.19457290E-02
   1.76930594       6.77784756E-02
   1.79325509       7.14205354E-02
   1.81720424       7.42607191E-02
   1.84115338       7.84838647E-02
   1.86510265       8.50459933E-02
   1.88905180       9.40902457E-02
   1.91300094       9.83678699E-02
   1.93695009      0.102071062    
   1.96089923      0.108413331    
   1.98484850      0.115538336    
   2.00879765      0.121758029    
   2.03274679      0.127256989    
   2.05669594      0.134276107    
   2.08064508      0.138261005    
   2.10459423      0.146970168    
   2.12854338      0.155308560    
   2.15249252      0.165179193    
   2.17644167      0.177290127    
   2.20039082      0.187044740    
   2.22434020      0.196344942    
   2.24828935      0.207683668    
   2.27223849      0.221110061    
   2.29618764      0.232305527    
   2.32013679      0.241609097    
   2.34408593      0.253160238    
   2.36803532      0.262851030    
   2.39198446      0.274035662    
   2.41593361      0.281556964    
   2.43988276      0.294324756    
   2.46383190      0.303194195    
   2.48778105      0.311282039    
   2.51173019      0.318618566    
   2.53567934      0.328125894    
   2.55962849      0.340965450    
   2.58357763      0.352275074    
   2.60752678      0.355809033    
   2.63147593      0.361674458    
   2.65542507      0.371548802    
   2.67937446      0.383544147    
   2.70332360      0.390463531    
   2.72727275      0.402766466    
   2.75122190      0.417229354    
   2.77517104      0.433109403    
   2.79912019      0.444109648    
   2.82306933      0.453998238    
   2.84701848      0.467640728    
   2.87096763      0.474002719    
   2.89491677      0.476481974    
   2.91886592      0.481117964    
   2.94281530      0.489324391    
   2.96676445      0.497097433    
   2.99071360      0.497391880    
   3.01466274      0.503986776    
   3.03861189      0.510596931    
   3.06256104      0.515661120    
   3.08651018      0.518275321    
   3.11045933      0.512862086    
   3.13440847      0.510494411    
   3.15835762      0.506266356    
   3.18230677      0.502029896    
   3.20625615      0.505693495    
   3.23020530      0.511204243    
   3.25415444      0.512678862    
   3.27810359      0.513358116    
   3.30205274      0.515911222    
   3.32600188      0.525018692    
   3.34995103      0.528820574    
   3.37390018      0.522931516    
   3.39784932      0.513764739    
   3.42179847      0.510543704    
   3.44574785      0.508808970    
   3.46969700      0.506661236    
   3.49364614      0.499606907    
   3.51759529      0.497916549    
   3.54154444      0.496139944    
   3.56549358      0.488202989    
   3.58944273      0.482715547    
   3.61339188      0.474335164    
   3.63734102      0.464364469    
   3.66129017      0.446622759    
   3.68523932      0.429895669    
   3.70918870      0.424286276    
   3.73313785      0.417097420    
   3.75708699      0.411539793    
   3.78103614      0.400259227    
   3.80498528      0.395150065    
   3.82893443      0.393653154    
   3.85288358      0.388869911    
   3.87683272      0.382777393    
   3.90078187      0.376744062    
   3.92473102      0.369105160    
   3.94868040      0.354818314    
   3.97262955      0.345359802    
   3.99657869      0.338749439    
   4.02052784      0.331406653    
   4.04447699      0.321272016    
   4.06842613      0.311789483    
   4.09237528      0.308653295    
   4.11632442      0.304188192    
   4.14027357      0.294149816    
   4.16422272      0.276701093    
   4.18817186      0.261631370    
   4.21212101      0.252143860    
   4.23607063      0.238499463    
   4.26001930      0.227864563    
   4.28396893      0.218792975    
   4.30791759      0.211818919    
   4.33186722      0.206718355    
   4.35581589      0.198387802    
   4.37976551      0.195262134    
   4.40371418      0.188260317    
   4.42766380      0.173852056    
   4.45161247      0.163131237    
   4.47556210      0.157563776    
   4.49951124      0.153719589    
   4.52346039      0.145819783    
   4.54740953      0.139185309    
   4.57135868      0.133614898    
   4.59530783      0.131561697    
   4.61925697      0.128361613    
   4.64320612      0.120701239    
   4.66715527      0.113245085    
   4.69110441      0.105759203    
   4.71505356       9.89493728E-02
   4.73900270       8.94519314E-02
   4.76295185       8.40917602E-02
   4.78690100       8.00529793E-02
   4.81085014       7.29136616E-02
   4.83479929       6.69496953E-02
   4.85874891       6.33026510E-02
   4.88269806       6.02907836E-02
   4.90664721       5.76663911E-02
   4.93059635       5.24381697E-02
   4.95454550       4.86790389E-02
   4.97849464       4.53133546E-02
   5.00244379       4.35257703E-02
   5.02639294       4.09304202E-02
   5.05034208       3.93342339E-02
   5.07429123       3.82294990E-02
   5.09824038       3.57235409E-02
   5.12218952       3.38614658E-02
   5.14613867       3.19274999E-02
   5.17008781       3.20388749E-02
   5.19403696       2.96473913E-02
   5.21798611       2.44612768E-02
   5.24193525       2.19811928E-02
   5.26588440       2.06995998E-02
   5.28983355       1.92640536E-02
   5.31378269       1.61304642E-02
   5.33773184       1.38212834E-02
   5.36168146       1.34269828E-02
   5.38563061       1.26892338E-02
   5.40957975       1.17345089E-02
   5.43352890       1.03340484E-02
   5.45747805       9.43381153E-03
   5.48142719       7.67766964E-03
   5.50537634       6.28814986E-03
   5.52932549       5.24392352E-03
   5.55327463       4.94721159E-03
   5.57722378       4.72530536E-03
   5.60117292       4.39343276E-03
   5.62512207       4.50783875E-03
   5.64907122       5.59826987E-03
   5.67302036       6.04957389E-03
   5.69696951       5.42277191E-03
   5.72091866       4.35957313E-03
   5.74486780       4.10433160E-03
   5.76881695       3.06691765E-03
   5.79276609       2.45466479E-03
   5.81671524       2.00464274E-03
   5.84066439       1.64240994E-03
   5.86461353       1.82916597E-03
   5.88856316       1.52430497E-03
   5.91251230       1.21411076E-03
   5.93646145       1.39170652E-03
   5.96041059       1.33085740E-03
   5.98435974       7.60658178E-04
   6.00830889       3.29131959E-04
   6.03225803       2.14918400E-04
   6.05620718       2.17318826E-04
   6.08015633       2.09179299E-04
   6.10410547       1.70003681E-04
   6.12805462       1.93148531E-04
   6.15200377       3.32956552E-04
   6.17595291       3.88759421E-04
   6.19990206       5.77759114E-04
   6.22385120       5.44643379E-04
   6.24780035       6.11950236E-04
   6.27174950       4.26197163E-04
   6.29569864       3.57788667E-04
   6.31964779       3.77159071E-04
   6.34359694       3.84331943E-04
   6.36754608       2.60020286E-04
   6.39149570       1.67705162E-04
   6.41544485       1.62891345E-04
   6.43939400       2.54444953E-04
   6.46334314       1.81395706E-04
   6.48729229       2.83668196E-04
   6.51124144       1.70742773E-04
   6.53519058       1.29386855E-04
   6.55913973       6.75135161E-05
   6.58308887       1.30788729E-04
   6.60703802       1.82466581E-04
   6.63098717       9.91331035E-05
   6.65493631       8.19060806E-05
   6.67888546       1.37251991E-04
   6.70283461       3.07394541E-04
   6.72678375       3.54930060E-04
   6.75073290       3.79784440E-04
   6.77468204       3.76920012E-04
   6.79863119       4.19214281E-04
   6.82258034       4.84587130E-04
   6.84652948       3.55777738E-04
   6.87047863       3.46593035E-04
   6.89442825       3.27071379E-04
   6.91837740       3.14530655E-04
   6.94232655       3.74129828E-04
   6.96627569       3.72250594E-04
   6.99022484       3.75241128E-04
   7.01417398       3.35443590E-04
   7.03812313       2.48946773E-04
   7.06207228       1.24498722E-04
   7.08602142       1.40779259E-04
   7.10997057       9.17685902E-05
   7.13391972       4.08675769E-05
   7.15786886       4.09168715E-05
   7.18181801       8.26116302E-05
   7.20576715       5.64827787E-05
   7.22971630       4.47708480E-05
   7.25366545       1.00165002E-04
   7.27761459       2.08629484E-04
   7.30156374       1.92306965E-04
   7.32551289       2.29798025E-04
   7.34946203       3.02882603E-04
   7.37341118       3.04223591E-04
   7.39736080       2.99826759E-04
   7.42130995       3.68489680E-04
   7.44525909       3.51388531E-04
   7.46920824       2.74053222E-04
   7.49315739       3.56345030E-04
   7.51710653       4.23538964E-04
   7.54105568       2.66710413E-04
   7.56500483       2.16996399E-04
   7.58895397       2.34956780E-04
   7.61290312       1.40309668E-04
   7.63685226       2.97835359E-05
   7.66080141       2.68141484E-05
   7.68475056       2.71050976E-05
   7.70869970       1.72463442E-05
   7.73264885       8.99801489E-06
   7.75659800       7.62108675E-06
   7.78054714       4.93369407E-06
   7.80449629       9.56054355E-05
   7.82844543       7.85027878E-05
   7.85239458       9.26471548E-05
   7.87634373       1.01403370E-04
   7.90029287       1.64492376E-04
   7.92424250       1.22596059E-04
   7.94819164       8.27446056E-05
   7.97214079       6.13323937E-05
   7.99608994       9.42983606E-05
   8.02003860       1.89382874E-04
   8.04398823       2.73393060E-04
   8.06793785       4.18040901E-04
   8.09188652       4.24409256E-04
   8.11583519       2.85226793E-04
   8.13978481       2.24471296E-04
   8.16373444       1.56408991E-04
   8.18768311       9.78735770E-05
   8.21163177       1.66608315E-05
   8.23558140       1.03887323E-05
   8.25953102       3.57627214E-05
   8.28347969       5.98337065E-05
   8.30742836       3.40643201E-05
   8.33137798       3.35339155E-06
   8.35532761       1.33057056E-05
   8.37927628       2.51725651E-05
   8.40322495       1.69098021E-05
   8.42717552       2.58996279E-05
   8.45112419       3.43220927E-05
   8.47507286       1.21146131E-05
   8.49902248       1.15060611E-05
   8.52297115       6.85209534E-06
   8.54692078       8.08435143E-05
   8.57086945       2.51550315E-04
   8.59481907       3.96012329E-04
   8.61876774       1.66232276E-04
   8.64271736       1.38220130E-04
   8.66666603       9.77671152E-05
   8.69061565       1.03125414E-04
   8.71456528       1.19081442E-05
   8.73851395       2.55860868E-06
   8.76246357       5.64743896E-05
   8.78641224       6.94702030E-05
   8.81036186       4.15276918E-05
   8.83431053       2.19876074E-05
   8.85826015       4.12976806E-05
   8.88220882       3.49957772E-05
   8.90615845       2.35313037E-05
   8.93010712       4.55889358E-06
   8.95405674       2.27325290E-06
   8.97800541       1.88021349E-05
   9.00195503       3.85285093E-05
   9.02590370       4.70235900E-05
   9.04985332       2.93675985E-05
   9.07380199       6.72269889E-05
   9.09775162       1.12370399E-05
   9.12170029       2.56156363E-05
   9.14564991       9.87578533E-05
   9.16959858       1.21728459E-04
   9.19354820       1.37968644E-04
   9.21749783       1.46104125E-04
   9.24144650       4.72332540E-05
   9.26539612       3.63232830E-05
   9.28934479       2.49862278E-05
   9.31329441       1.92251118E-05
   9.33724308       4.66444690E-05
   9.36119270       3.82906583E-05
   9.38514137       3.71864298E-05
   9.40909100       3.28240858E-05
   9.43303967       1.29483187E-05
   9.45698929       8.07130164E-06
   9.48093796       3.36002995E-05
   9.50488758       8.80153893E-05
   9.52883625       1.38755466E-04
   9.55278587       9.54861098E-05
   9.57673454       9.54340721E-05
   9.60068417       2.59172139E-05
   9.62463284       3.41505574E-06
   9.64858246       3.08537346E-05
   9.67253113       8.10377896E-05
   9.69648075       1.18403674E-04
   9.72043037       1.32545116E-04
   9.74437904       7.92067658E-05
   9.76832867       8.87118804E-05
   9.79227734       2.43680515E-05
   9.81622696       2.27227538E-05
   9.84017563       1.60886266E-05
   9.86412525       2.81903885E-05
   9.88807392       4.29679385E-05
   9.91202354       2.96796425E-05
   9.93597221       1.41342116E-05
   9.95992184       2.55996520E-06
   9.98387051       1.83969187E-05
   10.0078201       1.04851797E-05
   10.0317688       4.87039470E-05
   10.0557184       1.43709869E-04
   10.0796671       1.75270165E-04
   10.1036167       7.61095434E-05
   10.1275654       1.45910954E-05
   10.1515150       6.97902396E-06
   10.1754637       8.92729167E-06
   10.1994133       1.05502404E-05
   10.2233629       4.61304298E-05
   10.2473116       9.53244817E-05
   10.2712612       9.45999855E-05
   10.2952099       6.91439200E-05
   10.3191595       4.43146637E-05
   10.3431082       1.02707447E-04
   10.3670578       9.67686265E-06
   10.3910065       2.97520273E-05
   10.4149561       1.06861531E-04
   10.4389048       8.10043930E-05
   10.4628544       2.72488014E-05
   10.4868031       3.04790956E-05
   10.5107527       4.14105525E-05
   10.5347013       4.57214674E-06
   10.5586510       2.76829232E-05
   10.5825996       1.11411457E-04
   10.6065493       1.40159231E-04
   10.6304979       1.37495488E-04
   10.6544476       6.79952936E-05
   10.6783962       6.13253360E-05
   10.7023458       1.08151926E-05
   10.7262955       2.35141511E-06
   10.7502441       3.09934258E-05
   10.7741938       4.50576626E-05
   10.7981424       4.23529164E-05
   10.8220921       1.88930426E-05
   10.8460407       4.82587202E-05
   10.8699903       6.58072531E-05
   10.8939390       8.74658872E-05
   10.9178886       1.55015528E-04
   10.9418373       8.55069520E-05
   10.9657869       1.42637189E-04
   10.9897356       1.99133123E-04
   11.0136852       2.80315755E-04
   11.0376339       9.75868315E-05
   11.0615835       7.94343578E-06
   11.0855322       1.90824285E-05
   11.1094818       5.86706483E-05
   11.1334305       7.87222234E-05
   11.1573801       8.66110349E-05
   11.1813288       4.17615884E-05
   11.2052784       9.83326318E-05
   11.2292271       8.34603779E-05
   11.2531767       4.97097099E-05
   11.2771263       9.15593264E-05
   11.3010750       8.96150668E-05
   11.3250246       1.01092628E-04
   11.3489733       1.50695952E-04
   11.3729229       6.64272375E-05
   11.3968716       2.83626669E-05
   11.4208212       3.04582845E-05
   11.4447699       1.14908080E-05
   11.4687195       5.70447301E-05
   11.4926682       5.49453871E-05
   11.5166178       9.92107525E-05
   11.5405664       1.36985822E-04
   11.5645161       8.33523591E-05
   11.5884647       2.52302707E-05
   11.6124144       6.50213497E-06
   11.6363630       1.28328256E-05
   11.6603127       1.93736696E-06
   11.6842613       6.49975482E-05
   11.7082109       8.66894770E-05
   11.7321596       6.21432919E-05
   11.7561092       3.29915274E-05
   11.7800589       1.63556415E-05
   11.8040075       2.86697177E-05
   11.8279572       2.26984521E-05
   11.8519058       2.53233957E-05
   11.8758554       2.16328353E-05
   11.8998041       5.78294239E-05
   11.9237537       1.43265579E-05
   11.9477024       2.85638653E-05
   11.9716520       8.70339591E-06
   11.9956007       1.88774775E-05
   12.0195503       3.24109642E-05
   12.0434990       1.62119090E-04
   12.0674486       1.66714395E-04
   12.0913973       2.20235335E-04
   12.1153469       1.45171696E-04
   12.1392956       9.70716792E-05
   12.1632452       5.09160309E-05
   12.1871939       2.73753212E-05
   12.2111435       6.44030422E-07
   12.2350922       2.76411515E-06
   12.2590418       5.10635664E-06
   12.2829914       3.56311102E-05
   12.3069401       7.82918869E-06
   12.3308897       2.93636344E-06
   12.3548384       4.19269327E-06
   12.3787880       3.72622490E-05
   12.4027367       5.33390812E-05
   12.4266863       1.13843933E-04
   12.4506350       8.73091994E-05
   12.4745846       5.25144060E-05
   12.4985332       3.77955803E-05
   12.5224829       4.89265294E-05
   12.5464315       2.89143027E-05
   12.5703812       2.28621275E-06
   12.5943298       2.23969928E-05
   12.6182795       9.36971046E-05
   12.6422281       1.33603535E-04
   12.6661777       1.66113416E-04
   12.6901264       7.84811855E-05
   12.7140760       7.10159875E-05
   12.7380247       9.81068733E-05
   12.7619743       7.71559935E-05
   12.7859240       1.32216128E-05
   12.8098726       3.05364864E-07
   12.8338223       1.70923886E-05
   12.8577709       5.95756428E-05
   12.8817205       2.11813604E-05
   12.9056692       5.48073467E-06
   12.9296188       5.81130109E-07
   12.9535675       2.26318243E-05
   12.9775171       3.43923894E-05
   13.0014658       4.40255026E-05
   13.0254154       1.53222180E-04
   13.0493641       1.06798296E-04
   13.0733137       7.08587177E-05
   13.0972624       3.70014313E-05
   13.1212120       1.67546332E-05
   13.1451607       8.21538051E-05
   13.1691103       1.08006512E-04
   13.1930590       5.50562399E-05
   13.2170086       1.22578072E-04
   13.2409573       1.19367913E-04
   13.2649069       2.84868020E-05
   13.2888565       1.59307292E-05
   13.3128052       9.48195236E-07
   13.3367548       9.39898655E-07
   13.3607035       5.00503738E-05
   13.3846531       3.63845829E-05
   13.4086018       3.24912980E-05
   13.4325514       1.90232277E-05
   13.4565001       6.99315024E-06
   13.4804497       2.62169797E-05
   13.5043983       5.62202476E-05
   13.5283480       6.14437085E-05
   13.5522966       1.09408385E-04
   13.5762463       2.20323825E-04
   13.6001949       1.69445586E-04
   13.6241446       3.52610732E-05
   13.6480932       5.63659487E-05
   13.6720428       2.81770244E-05
   13.6959915       7.17019866E-05
   13.7199411       9.64526698E-05
   13.7438898       2.91022370E-05
   13.7678394       5.88143084E-05
   13.7917891       1.02137943E-04
   13.8157377       2.88692463E-05
   13.8396873       1.55319094E-06
   13.8636360       4.23727433E-05
   13.8875856       4.60082956E-05
   13.9115343       1.96370995E-04
   13.9354839       1.41682263E-04
   13.9594326       1.01798694E-04
   13.9833822       3.40105253E-05
   14.0073309       1.04011262E-04
   14.0312805       1.62959514E-05
   14.0552292       3.09427787E-06
   14.0791788       5.79323896E-05
   14.1031275       7.30570246E-05
   14.1270771       7.72509884E-05
   14.1510258       5.66794988E-05
   14.1749754       1.77260536E-05
   14.1989241       2.38722691E-06
   14.2228737       8.21115282E-06
   14.2468224       3.73996227E-06
   14.2707720       3.49837719E-05
   14.2947216       7.01927456E-06
   14.3186703       4.97618748E-05
   14.3426199       5.20134017E-05
   14.3665686       6.08848859E-05
   14.3905182       1.35448427E-05
   14.4144669       2.68645636E-05
   14.4384165       4.33212772E-05
   14.4623652       9.25074710E-05
   14.4863148       1.82943550E-04
   14.5102634       1.34716960E-04
   14.5342131       1.25502411E-04
   14.5581617       3.47692767E-05
   14.5821114       2.24187716E-05
   14.6060600       2.68026342E-05
   14.6300097       7.15276983E-05
   14.6539583       4.84819720E-05
   14.6779079       2.34592208E-05
   14.7018566       6.94153277E-05
   14.7258062       4.77626381E-05
   14.7497549       3.31788578E-05
   14.7737045       8.00036560E-06
   14.7976532       1.20094328E-05
   14.8216028       3.89897396E-05
   14.8455524       2.18336121E-04
   14.8695011       1.67266320E-04
   14.8934507       7.12803958E-05
   14.9173994       3.87921464E-05
   14.9413490       8.68122243E-06
   14.9652977       4.90072416E-05
   14.9892473       1.12660549E-04
   15.0131960       1.85937650E-04
   15.0371456       1.89448969E-04
   15.0610943       2.88335665E-04
   15.0850439       2.13569801E-04
   15.1089926       9.20746388E-05
   15.1329422       1.32038349E-05
   15.1568909       2.39724122E-05
   15.1808405       6.01269639E-05
   15.2047892       3.82502003E-05
   15.2287388       4.75736997E-05
   15.2526875       1.04678809E-04
   15.2766371       1.12146663E-04
   15.3005857       9.49053447E-06
   15.3245354       3.56636974E-06
   15.3484850       2.33248193E-05
   15.3724337       3.01955115E-05
   15.3963833       1.28415006E-04
   15.4203320       2.09697610E-04
   15.4442816       7.89020487E-05
   15.4682302       2.23310471E-05
   15.4921799       1.46662524E-06
   15.5161285       2.24975065E-05
   15.5400782       1.06060950E-04
   15.5640268       1.13097944E-04
   15.5879765       9.62599224E-05
   15.6119251       6.13423254E-05
   15.6358747       5.56342238E-05
   15.6598234       4.00402641E-05
   15.6837730       4.69836123E-05
   15.7077217       4.60291121E-05
   15.7316713       4.72862193E-05
   15.7556200       3.08250383E-05
   15.7795696       2.61710120E-05
   15.8035183       5.24490861E-06
   15.8274679       1.72620094E-05
   15.8514175       2.88197225E-06
   15.8753662       8.34667389E-06
   15.8993158       1.06877917E-04
   15.9232645       1.51632965E-04
   15.9472141       6.17340702E-05
   15.9711628       4.01910584E-05
   15.9951124       1.70050662E-05
   16.0190620       3.95076256E-07
   16.0430107       1.34256816E-05
   16.0669594       2.27241144E-05
   16.0909081       1.81931027E-05
   16.1148567       5.59770851E-05
   16.1388073       1.81578889E-05
   16.1627560       6.08508799E-07
   16.1867065       3.47369860E-05
   16.2106552       2.98373070E-05
   16.2346039       2.09627106E-05
   16.2585526       9.15509154E-05
   16.2825012       7.66189769E-05
   16.3064499       6.35252072E-05
   16.3304005       9.47461376E-05
   16.3543510       7.98022083E-05
   16.3782997       2.48068386E-06
   16.4022484       1.31931836E-06
   16.4261971       1.77540242E-05
   16.4501457       6.89451190E-05
   16.4740944       1.52200431E-04
   16.4980450       8.76747217E-05
   16.5219936       7.15972637E-05
   16.5459423       8.72919045E-05
   16.5698929       5.48500793E-05
   16.5938416       5.60167573E-05
   16.6177902       2.16453336E-05
   16.6417389       1.33982974E-06
   16.6656895       5.61949673E-05
   16.6896381       1.01030142E-04
   16.7135868       2.08302463E-05
   16.7375355       3.11271424E-06
   16.7614861       1.04033634E-05
   16.7854347       1.50428268E-05
   16.8093834       2.58237778E-05
   16.8333321       3.35264594E-05
   16.8572826       2.84541347E-05
   16.8812313       6.31353105E-05
   16.9051800       7.49295723E-05
   16.9291306       3.09755669E-05
   16.9530792       7.53803397E-06
   16.9770279       5.12684778E-07
   17.0009766       9.24285541E-06
   17.0249271       3.30291441E-05
   17.0488758       1.06630177E-04
   17.0728245       7.91847633E-05
   17.0967731       7.50151448E-05
   17.1207237       6.74164185E-05
   17.1446724       3.45518274E-05
   17.1686211       3.51267445E-05
   17.1925697       4.87402531E-06
   17.2165203       1.57063914E-05
   17.2404690       7.75318622E-05
   17.2644176       1.56046794E-04
   17.2883663       1.23918449E-04
   17.3123169       2.76079554E-05
   17.3362656       1.75271216E-05
   17.3602142       6.57937562E-05
   17.3841648       5.48588687E-05
   17.4081135       1.21086596E-04
   17.4320621       1.34241942E-04
   17.4560108       1.57252420E-04
   17.4799614       1.24327504E-04
   17.5039101       3.70962298E-05
   17.5278587       3.17535591E-06
   17.5518074       4.81807092E-06
   17.5757580       1.30395756E-05
   17.5997066       8.10142374E-05
   17.6236553       1.26213694E-04
   17.6476040       1.24074882E-04
   17.6715546       9.23823754E-05
   17.6955032       4.02514343E-05
   17.7194519       2.85326932E-05
   17.7434006       5.12546612E-05
   17.7673512       2.19776575E-05
   17.7912998       4.58151371E-05
   17.8152485       4.44288307E-05
   17.8391972       7.55726942E-05
   17.8631477       1.52210787E-05
   17.8870964       4.15118120E-05
   17.9110451       1.16253868E-05
   17.9349957       1.03091743E-05
   17.9589443       1.25310500E-04
   17.9828930       2.63601367E-04
   18.0068417       1.27733307E-04
   18.0307922       1.27142615E-04
   18.0547409       6.27642366E-05
   18.0786896       7.14035705E-05
   18.1026382       4.51968881E-05
   18.1265888       1.05070012E-05
   18.1505375       2.04978314E-05
   18.1744862       3.01483960E-05
   18.1984348       1.57580835E-05
   18.2223854       1.66452628E-05
   18.2463341       1.66161662E-05
   18.2702827       3.08533454E-05
   18.2942314       5.91921780E-05
   18.3181820       1.52992230E-04
   18.3421307       8.28758348E-05
   18.3660793       1.24004888E-04
   18.3900299       1.76805392E-04
   18.4139786       1.88966340E-04
   18.4379272       2.54434490E-05
   18.4618759       7.47968716E-06
   18.4858265       6.80866433E-05
   18.5097752       8.60529180E-05
   18.5337238       7.92886494E-05
   18.5576725       4.55646477E-05
   18.5816231       2.86096201E-05
   18.6055717       4.07499501E-05
   18.6295204       3.63416329E-05
   18.6534691       1.80224215E-05
   18.6774197       3.53839569E-05
   18.7013683       1.99904734E-05
   18.7253170       8.91462696E-05
   18.7492657       1.30960630E-04
   18.7732162       9.19642625E-05
   18.7971649       8.64381036E-06
   18.8211136       2.76212086E-05
   18.8450623       4.12811232E-07
   18.8690128       4.56555099E-05
   18.8929615       7.69570615E-05
   18.9169102       8.88838549E-05
   18.9408607       1.61837583E-04
   18.9648094       1.31845911E-04
   18.9887581       3.94625058E-05
   19.0127068       2.81685534E-05
   19.0366573       1.07989381E-05
   19.0606060       1.17467480E-05
   19.0845547       8.06367170E-05
   19.1085033       7.37093578E-05
   19.1324539       9.45010106E-06
   19.1564026       1.53750534E-05
   19.1803513       9.93592403E-06
   19.2042999       2.89991908E-06
   19.2282505       5.19247769E-05
   19.2521992       1.05216255E-04
   19.2761478       1.14084774E-04
   19.3000965       7.90763734E-05
   19.3240471       6.94942719E-05
   19.3479958       5.18989473E-05
   19.3719444       1.60271411E-05
   19.3958931       4.37929521E-05
   19.4198437       1.04667597E-04
   19.4437923       1.10978122E-04
   19.4677410       1.97751317E-04
   19.4916916       1.24311788E-04
   19.5156403       5.69160220E-05
   19.5395889       2.72958405E-05
   19.5635376       2.66246243E-05
   19.5874882       2.94863767E-05
   19.6114368       7.71459690E-06
   19.6353855       2.78762286E-06
   19.6593342       2.83033296E-05
   19.6832848       3.04332989E-05
   19.7072334       2.01724924E-05
   19.7311821       1.06582602E-05
   19.7551308       1.44390742E-05
   19.7790813       9.68169406E-05
   19.8030300       1.68459141E-04
   19.8269787       2.02789743E-04
   19.8509274       1.61536358E-04
   19.8748779       9.11682655E-05
   19.8988266       1.01302263E-04
   19.9227753       3.50285627E-05
   19.9467258       2.59113749E-05
   19.9706745       5.21895090E-05
   19.9946232       3.54158801E-05
   20.0185719       4.66146157E-05
   20.0425224       6.18660270E-05
   20.0664711       6.76802010E-05
   20.0904198       6.99056254E-05
   20.1143684       4.10931425E-05
   20.1383190       1.13327886E-04
   20.1622677       1.84365257E-04
   20.1862164       1.08181768E-04
   20.2101650       1.65951758E-04
   20.2341156       1.61835545E-04
   20.2580643       9.78087628E-05
   20.2820129       6.80355879E-06
   20.3059616       8.31833459E-05
   20.3299122       3.94182425E-05
   20.3538609       2.13026324E-05
   20.3778095       3.36529556E-05
   20.4017582       1.04842533E-04
   20.4257088       8.27018666E-05
   20.4496574       3.85305284E-05
   20.4736061       1.11223217E-05
   20.4975567       2.24018931E-05
   20.5215054       7.74349519E-06
   20.5454540       8.78104947E-06
   20.5694027       1.50143842E-05
   20.5933533       2.06986715E-05
   20.6173019       2.62470303E-06
   20.6412506       8.07220957E-08
   20.6651993       7.41174460E-07
   20.6891499       2.30873934E-06
   20.7130985       3.36173944E-05
   20.7370472       1.10847752E-04
   20.7609959       1.25200502E-04
   20.7849464       3.62439132E-05
   20.8088951       1.13689493E-05
   20.8328438       5.36055777E-05
   20.8567924       2.93564099E-05
   20.8807430       8.50756478E-05
   20.9046917       7.52520427E-05
   20.9286404       1.40842691E-04
   20.9525909       1.09843029E-04
   20.9765396       9.00904633E-05
   21.0004883       3.77366159E-05
   21.0244370       1.31772813E-05
   21.0483875       2.26439224E-05
   21.0723362       5.86596725E-05
   21.0962849       1.29587963E-04
   21.1202335       4.08645610E-05
   21.1441841       2.52809314E-05
   21.1681328       2.83597401E-05
   21.1920815       4.82315008E-05
   21.2160301       1.69873272E-06
   21.2399807       7.37357186E-05
   21.2639294       1.12767826E-04
   21.2878780       2.55857885E-04
   21.3118267       1.93704327E-04
   21.3357773       1.19241267E-04
   21.3597260       5.16635191E-05
   21.3836746       5.42417583E-05
   21.4076233       3.65921223E-05
   21.4315739       1.68935530E-05
   21.4555225       1.74605066E-05
   21.4794712       1.76802805E-05
   21.5034218       4.57927999E-05
   21.5273705       1.26905754E-04
   21.5513191       2.96816324E-05
   21.5752678       2.02644333E-05
   21.5992184       6.65240805E-05
   21.6231670       8.88646991E-06
   21.6471157       5.38175591E-05
   21.6710644       9.42551269E-05
   21.6950150       3.07611408E-05
   21.7189636       3.18560051E-05
   21.7429123       1.93581764E-05
   21.7668610       1.54659883E-05
   21.7908115       2.20341790E-05
   21.8147602       9.11240277E-05
   21.8387089       8.90269002E-05
   21.8626575       1.15693678E-04
   21.8866081       1.23795107E-04
   21.9105568       1.42075471E-04
   21.9345055       1.13421032E-04
   21.9584541       1.11043097E-04
   21.9824047       1.71165066E-05
   22.0063534       1.07548499E-06
   22.0303020       2.70962710E-06
   22.0542526       3.43793290E-05
   22.0782013       1.74877205E-05
   22.1021500       1.32392479E-05
   22.1260986       2.33260216E-05
   22.1500492       3.83201914E-05
   22.1739979       4.90342682E-05
   22.1979465       9.68767126E-05
   22.2218952       1.09987377E-04
   22.2458458       1.36184157E-04
   22.2697945       1.39103708E-04
   22.2937431       9.02218453E-05
   22.3176918       6.28677735E-05
   22.3416424       2.86904215E-05
   22.3655910       1.18217995E-05
   22.3895397       1.20408513E-05
   22.4134884       5.37078013E-05
   22.4374390       3.15263787E-05
   22.4613876       4.13735615E-05
   22.4853363       5.18959168E-05
   22.5092869       5.38074164E-06
   22.5332355       5.55234328E-06
   22.5571842       7.14613179E-06
   22.5811329       6.61743761E-05
   22.6050835       8.76874110E-05
   22.6290321       5.34751380E-05
   22.6529808       6.94962218E-05
   22.6769295       5.79104890E-05
   22.7008801       5.42458911E-05
   22.7248287       4.68818980E-05
   22.7487774       1.06155916E-04
   22.7727261       1.40772798E-04
   22.7966766       1.91452593E-04
   22.8206253       1.46300212E-04
   22.8445740       7.87539175E-05
   22.8685226       3.39843464E-05
   22.8924732       2.19682606E-05
   22.9164219       2.93224657E-05
   22.9403706       4.76215791E-05
   22.9643192       3.23686254E-05
   22.9882698       4.01184661E-05
   23.0122185       1.70396252E-05
   23.0361671       7.56427835E-06
   23.0601177       4.79929611E-07
   23.0840664       6.36192271E-05
   23.1080151       1.05386149E-04
   23.1319637       5.30290054E-05
   23.1559143       1.12849040E-04
   23.1798630       9.49829337E-05
   23.2038116       7.60221810E-05
   23.2277603       4.63457545E-05
   23.2517109       6.71680464E-05
   23.2756596       7.24297433E-06
   23.2996082       7.55247447E-06
   23.3235569       6.59724101E-05
   23.3475075       5.93984587E-05
   23.3714561       4.54623587E-05
   23.3954048       2.70794153E-05
   23.4193535       6.49050053E-05
   23.4433041       1.61900280E-05
   23.4672527       2.44041007E-06
   23.4912014       8.69390624E-06
   23.5151520       5.37409505E-05
   23.5391006       3.04970563E-05
   23.5630493       1.65961392E-05
   23.5869980       1.25800307E-05
   23.6109486       2.10059407E-05
   23.6348972       3.32170966E-05
   23.6588459       1.02512306E-04
   23.6827946       1.28119369E-04
   23.7067451       1.77338108E-04
   23.7306938       3.64510430E-04
   23.7546425       2.31062295E-04
   23.7785912       2.20606773E-04
   23.8025417       3.39189246E-05
   23.8264904       7.34452897E-06
   23.8504391       8.22802849E-06
   23.8743877       2.89964464E-05
   23.8983383       3.72610702E-05
   23.9222870       3.76497483E-05
   23.9462357       2.57943939E-05
   23.9701843       1.50544056E-05
   23.9941349       6.61656668E-06
   24.0180836       1.08723534E-05
   24.0420322       7.40433507E-07
   24.0659828       4.61780983E-05
   24.0899315       1.55696514E-04
   24.1138802       6.24548120E-05
   24.1378288       7.82070492E-06
   24.1617794       6.94712253E-06
   24.1857281       3.08225353E-05
   24.2096767       6.34053504E-05
   24.2336254       8.73585232E-05
   24.2575760       1.52236200E-04
   24.2815247       2.18957954E-04
   24.3054733       2.20023547E-04
   24.3294220       9.65294166E-05
   24.3533726       9.62237245E-05
   24.3773212       2.03120144E-05
   24.4012699       1.82446129E-05
   24.4252186       2.28124827E-05
   24.4491692       6.97685973E-05
   24.4731178       7.00025921E-05
   24.4970665       5.10717882E-06
   24.5210171       1.93160286E-05
   24.5449657       4.09929125E-05
   24.5689144       7.70453189E-05
   24.5928631       1.55144662E-04
   24.6168137       1.43256198E-04
   24.6407623       2.06255703E-04
   24.6647110       1.96112524E-04
   24.6886597       1.65193778E-04
   24.7126102       9.03219916E-05
   24.7365589       1.30130047E-05
   24.7605076       1.61912103E-05
   24.7844563       5.59283289E-05
   24.8084068       4.48042629E-05
   24.8323555       1.64369703E-05
   24.8563042       2.31722834E-06
   24.8802528       5.85003618E-05
   24.9042034       1.33400254E-05
   24.9281521       4.27430605E-05
   24.9521008       1.00787394E-04
   24.9760494       4.87039360E-05
   25.0000000       4.45804326E-05
