  0.500000000       6.49457681E-04
  0.523949146       8.48380965E-04
  0.547898352       2.38213353E-04
  0.571847498       1.95389031E-04
  0.595796704       8.12779006E-04
  0.619745851       3.91168396E-05
  0.643694997       4.86208912E-04
  0.667644143       3.54398799E-04
  0.691593349       1.69928011E-04
  0.715542555       1.34948466E-03
  0.739491701       4.52579581E-04
  0.763440847       1.73640190E-04
  0.787389994       3.39031394E-04
  0.811339200       1.56331407E-06
  0.835288346       3.72462469E-04
  0.859237552       4.20170574E-04
  0.883186698       1.70175903E-04
  0.907135844       3.73157905E-04
  0.931085050       3.92077985E-04
  0.955034196       6.76384152E-05
  0.978983402       4.13058500E-04
   1.00293255       1.07618609E-04
   1.02688169       1.57470015E-04
   1.05083084       4.30212502E-04
   1.07477999       2.26597840E-04
   1.09872913       3.63204490E-05
   1.12267840       7.44949575E-05
   1.14662755       5.35379048E-04
   1.17057669       7.99247471E-04
   1.19452596       5.92071912E-04
   1.21847510       6.64917097E-05
   1.24242425       3.80874335E-05
   1.26637340       2.66614545E-04
   1.29032254       8.52978264E-04
   1.31427169       1.04923313E-03
   1.33822083       3.79649689E-04
   1.36217010       2.31645463E-05
   1.38611925       7.57476155E-05
   1.41006839       1.64418219E-04
   1.43401766       5.65998605E-04
   1.45796680       2.20385380E-04
   1.48191595       2.47050339E-04
   1.50586510       1.47485087E-04
   1.52981424       3.47199457E-05
   1.55376339       1.21957426E-04
   1.57771254       1.23703518E-04
   1.60166180       2.63143702E-05
   1.62561095       1.07513115E-04
   1.64956009       3.73434814E-05
   1.67350924       3.32357362E-04
   1.69745839       6.35925564E-04
   1.72140765       2.44685274E-04
   1.74535680       8.35560786E-05
   1.76930594       1.45299244E-04
   1.79325509       8.75874757E-05
   1.81720424       5.98743907E-04
   1.84115338       3.01834807E-04
   1.86510265       8.08380355E-05
   1.88905180       2.85210408E-05
   1.91300094       3.93863847E-05
   1.93695009       4.64149693E-04
   1.96089923       6.73808914E-04
   1.98484850       4.33671841E-04
   2.00879765       1.25247476E-04
   2.03274679       1.22137077E-04
   2.05669594       6.40674727E-07
   2.08064508       3.51075723E-04
   2.10459423       2.42757851E-05
   2.12854338       1.30585802E-04
   2.15249252       7.27701627E-05
   2.17644167       3.49310321E-05
   2.20039082       3.06527858E-04
   2.22434020       7.68256868E-05
   2.24828935       8.90845986E-05
   2.27223849       7.27499209E-05
   2.29618764       6.05697511E-04
   2.32013679       4.04377242E-05
   2.34408593       8.08063487E-05
   2.36803532       3.99540440E-05
   2.39198446       7.97409739E-05
   2.41593361       3.93028080E-04
   2.43988276       1.97185436E-04
   2.46383190       3.30119074E-04
   2.48778105       6.15821045E-04
   2.51173019       1.72423941E-04
   2.53567934       6.43813401E-04
   2.55962849       2.74466496E-04
   2.58357763       8.52216617E-05
   2.60752678       5.11208964E-06
   2.63147593       9.18909718E-05
   2.65542507       6.99855154E-05
   2.67937446       2.28057441E-04
   2.70332360       1.91569750E-04
   2.72727275       1.02827617E-05
   2.75122190       9.70586698E-05
   2.77517104       2.72135076E-04
   2.79912019       8.72814053E-06
   2.82306933       4.26731218E-04
   2.84701848       1.94710272E-04
   2.87096763       2.72041390E-04
   2.89491677       8.20127549E-04
   2.91886592       9.01404477E-04
   2.94281530       1.43556972E-03
   2.96676445       1.26763235E-03
   2.99071360       1.59183028E-03
   3.01466274       6.78985263E-04
   3.03861189       4.50881023E-04
   3.06256104       1.94559136E-04
   3.08651018       1.57967937E-04
   3.11045933       1.25684368E-04
   3.13440847       7.00530771E-04
   3.15835762       1.00327085E-03
   3.18230677       1.21822872E-03
   3.20625615       7.60431984E-04
   3.23020530       1.21997681E-03
   3.25415444       5.81781031E-04
   3.27810359       1.52385153E-03
   3.30205274       1.73063437E-03
   3.32600188       9.07260750E-04
   3.34995103       8.29892815E-04
   3.37390018       1.44661171E-03
   3.39784932       3.59564298E-03
   3.42179847       4.04708460E-03
   3.44574785       2.85121100E-03
   3.46969700       1.55939383E-03
   3.49364614       2.93352641E-03
   3.51759529       5.52343111E-03
   3.54154444       7.38587044E-03
   3.56549358       5.15536685E-03
   3.58944273       3.50887817E-03
   3.61339188       2.97665596E-03
   3.63734102       5.85663598E-03
   3.66129017       9.20925196E-03
   3.68523932       8.20586737E-03
   3.70918870       6.45909226E-03
   3.73313785       5.32271294E-03
   3.75708699       5.93525544E-03
   3.78103614       1.11566493E-02
   3.80498528       1.19471690E-02
   3.82893443       1.06534623E-02
   3.85288358       8.81132949E-03
   3.87683272       8.84084590E-03
   3.90078187       1.66626144E-02
   3.92473102       2.02582628E-02
   3.94868040       1.99335404E-02
   3.97262955       1.72393359E-02
   3.99657869       1.65416077E-02
   4.02052784       2.24296395E-02
   4.04447699       2.91623864E-02
   4.06842613       3.19223106E-02
   4.09237528       2.87872646E-02
   4.11632442       2.33992953E-02
   4.14027357       2.52589528E-02
   4.16422272       3.71481515E-02
   4.18817186       4.74502929E-02
   4.21212101       4.74887714E-02
   4.23607063       4.06040661E-02
   4.26001930       4.07336280E-02
   4.28396893       5.48275486E-02
   4.30791759       6.02436438E-02
   4.33186722       6.35110736E-02
   4.35581589       5.78579679E-02
   4.37976551       5.61126247E-02
   4.40371418       6.91136792E-02
   4.42766380       8.24315995E-02
   4.45161247       9.21261311E-02
   4.47556210       8.87048542E-02
   4.49951124       7.53493086E-02
   4.52346039       8.43665004E-02
   4.54740953       9.84557122E-02
   4.57135868      0.110379368    
   4.59530783      0.118763953    
   4.61925697       9.92075875E-02
   4.64320612      0.106325626    
   4.66715527      0.117346421    
   4.69110441      0.133956045    
   4.71505356      0.146443784    
   4.73900270      0.137185290    
   4.76295185      0.142553523    
   4.78690100      0.157178909    
   4.81085014      0.188946858    
   4.83479929      0.206879258    
   4.85874891      0.197010949    
   4.88269806      0.194293514    
   4.90664721      0.194967613    
   4.93059635      0.218445212    
   4.95454550      0.244993195    
   4.97849464      0.246474326    
   5.00244379      0.235641316    
   5.02639294      0.243678316    
   5.05034208      0.265622556    
   5.07429123      0.299853325    
   5.09824038      0.309464395    
   5.12218952      0.289106905    
   5.14613867      0.279509962    
   5.17008781      0.299659371    
   5.19403696      0.311393887    
   5.21798611      0.350853860    
   5.24193525      0.352445304    
   5.26588440      0.332089633    
   5.28983355      0.369024426    
   5.31378269      0.360882908    
   5.33773184      0.397371262    
   5.36168146      0.403675020    
   5.38563061      0.381076753    
   5.40957975      0.397037566    
   5.43352890      0.397003114    
   5.45747805      0.437386125    
   5.48142719      0.464080542    
   5.50537634      0.454365373    
   5.52932549      0.457784981    
   5.55327463      0.445335031    
   5.57722378      0.471647739    
   5.60117292      0.478665799    
   5.62512207      0.471802145    
   5.64907122      0.472851574    
   5.67302036      0.463786870    
   5.69696951      0.485106260    
   5.72091866      0.505912185    
   5.74486780      0.521474302    
   5.76881695      0.529806256    
   5.79276609      0.505602837    
   5.81671524      0.513140976    
   5.84066439      0.520522952    
   5.86461353      0.553083718    
   5.88856316      0.546560228    
   5.91251230      0.552413046    
   5.93646145      0.552927911    
   5.96041059      0.534407854    
   5.98435974      0.552929163    
   6.00830889      0.512194097    
   6.03225803      0.504461944    
   6.05620718      0.481673717    
   6.08015633      0.470600784    
   6.10410547      0.499365389    
   6.12805462      0.494838089    
   6.15200377      0.500048518    
   6.17595291      0.493033171    
   6.19990206      0.466313958    
   6.22385120      0.487867594    
   6.24780035      0.488332421    
   6.27174950      0.469316423    
   6.29569864      0.455874562    
   6.31964779      0.436386317    
   6.34359694      0.443152368    
   6.36754608      0.461260676    
   6.39149570      0.454968244    
   6.41544485      0.441691905    
   6.43939400      0.420721114    
   6.46334314      0.420783728    
   6.48729229      0.410422176    
   6.51124144      0.400215626    
   6.53519058      0.386932582    
   6.55913973      0.366871834    
   6.58308887      0.349001616    
   6.60703802      0.360087693    
   6.63098717      0.355657369    
   6.65493631      0.346257389    
   6.67888546      0.320158839    
   6.70283461      0.295674562    
   6.72678375      0.296583682    
   6.75073290      0.281874508    
   6.77468204      0.286626130    
   6.79863119      0.270606339    
   6.82258034      0.256590515    
   6.84652948      0.250294685    
   6.87047863      0.237449080    
   6.89442825      0.229452476    
   6.91837740      0.224482864    
   6.94232655      0.212816507    
   6.96627569      0.199366331    
   6.99022484      0.196160078    
   7.01417398      0.193174690    
   7.03812313      0.184170440    
   7.06207228      0.175852969    
   7.08602142      0.158980340    
   7.10997057      0.152917206    
   7.13391972      0.146623537    
   7.15786886      0.142150342    
   7.18181801      0.142374232    
   7.20576715      0.135455191    
   7.22971630      0.132854387    
   7.25366545      0.126022816    
   7.27761459      0.101964973    
   7.30156374      0.108727932    
   7.32551289       9.63335559E-02
   7.34946203       8.95729735E-02
   7.37341118       8.74284133E-02
   7.39736080       7.19609782E-02
   7.42130995       7.75926635E-02
   7.44525909       7.07645863E-02
   7.46920824       6.62926063E-02
   7.49315739       6.68689311E-02
   7.51710653       5.72353043E-02
   7.54105568       5.86515665E-02
   7.56500483       5.87470978E-02
   7.58895397       5.37301041E-02
   7.61290312       5.46922609E-02
   7.63685226       4.16144542E-02
   7.66080141       4.05055955E-02
   7.68475056       3.82072590E-02
   7.70869970       3.64233404E-02
   7.73264885       3.41323055E-02
   7.75659800       2.22945660E-02
   7.78054714       2.43587624E-02
   7.80449629       2.13919338E-02
   7.82844543       2.01351698E-02
   7.85239458       2.28310395E-02
   7.87634373       1.70959849E-02
   7.90029287       1.93438381E-02
   7.92424250       1.70646999E-02
   7.94819164       1.68016292E-02
   7.97214079       1.35564152E-02
   7.99608994       1.16408775E-02
   8.02003860       1.03669744E-02
   8.04398823       9.35906358E-03
   8.06793785       1.25594726E-02
   8.09188652       1.43329632E-02
   8.11583519       1.47354398E-02
   8.13978481       1.24935200E-02
   8.16373444       7.91718904E-03
   8.18768311       8.81139748E-03
   8.21163177       6.73533790E-03
   8.23558140       7.70287262E-03
   8.25953102       6.46894658E-03
   8.28347969       2.46831868E-03
   8.30742836       5.54146431E-03
   8.33137798       2.82121310E-03
   8.35532761       5.49351284E-03
   8.37927628       5.90722915E-03
   8.40322495       2.06533214E-03
   8.42717552       1.42240711E-03
   8.45112419       1.71210369E-04
   8.47507286       1.21608982E-03
   8.49902248       1.88945944E-03
   8.52297115       9.80280223E-04
   8.54692078       8.77596729E-04
   8.57086945       5.71834156E-04
   8.59481907       1.48541119E-03
   8.61876774       2.65294919E-03
   8.64271736       2.11131643E-03
   8.66666603       8.98900558E-04
   8.69061565       5.25274489E-04
   8.71456528       5.08053228E-04
   8.73851395       1.69100938E-03
   8.76246357       2.21800059E-03
   8.78641224       1.41734653E-03
   8.81036186       4.15157760E-04
   8.83431053       9.85125735E-05
   8.85826015       2.34155537E-04
   8.88220882       1.83082023E-03
   8.90615845       9.32731433E-04
   8.93010712       6.21287909E-05
   8.95405674       8.60744112E-05
   8.97800541       1.67093765E-06
   9.00195503       1.72900525E-03
   9.02590370       1.33160641E-03
   9.04985332       4.38479154E-04
   9.07380199       4.63102369E-05
   9.09775162       6.48869391E-05
   9.12170029       7.56373745E-04
   9.14564991       8.31033336E-04
   9.16959858       1.83349242E-04
   9.19354820       1.32399757E-04
   9.21749783       6.06589776E-04
   9.24144650       1.24881626E-04
   9.26539612       9.51289898E-04
   9.28934479       5.02626062E-04
   9.31329441       2.03903292E-05
   9.33724308       5.30970865E-04
   9.36119270       8.88758077E-05
   9.38514137       1.36842224E-04
   9.40909100       2.53037462E-04
   9.43303967       2.11196402E-05
   9.45698929       2.37037777E-04
   9.48093796       3.73047624E-05
   9.50488758       1.29049935E-04
   9.52883625       7.31749926E-04
   9.55278587       1.14677932E-04
   9.57673454       7.89160986E-05
   9.60068417       5.32259408E-04
   9.62463284       3.51310300E-05
   9.64858246       1.82980235E-04
   9.67253113       1.66288926E-04
   9.69648075       2.58658056E-05
   9.72043037       3.57076351E-04
   9.74437904       2.10485960E-04
   9.76832867       9.74071645E-06
   9.79227734       5.55787876E-04
   9.81622696       2.65785609E-04
   9.84017563       1.24610611E-04
   9.86412525       1.65197620E-04
   9.88807392       2.03392818E-04
   9.91202354       2.78171909E-04
   9.93597221       4.17617499E-04
   9.95992184       7.13233840E-06
   9.98387051       2.90571246E-04
   10.0078201       3.52501302E-05
   10.0317688       4.94147389E-05
   10.0557184       5.77379018E-04
   10.0796671       1.70110536E-04
   10.1036167       3.06532806E-04
   10.1275654       3.20444000E-04
   10.1515150       2.38929169E-05
   10.1754637       2.11168823E-04
   10.1994133       4.88488404E-05
   10.2233629       5.93251258E-04
   10.2473116       1.39267242E-03
   10.2712612       4.90772829E-04
   10.2952099       3.57699988E-04
   10.3191595       3.73097602E-04
   10.3431082       1.38216870E-04
   10.3670578       2.35458414E-04
   10.3910065       5.51171717E-04
   10.4149561       2.25765558E-04
   10.4389048       1.53193949E-03
   10.4628544       2.09988939E-04
   10.4868031       2.36543303E-04
   10.5107527       6.39255974E-04
   10.5347013       1.71841093E-04
   10.5586510       8.76282924E-04
   10.5825996       9.27694375E-04
   10.6065493       1.56709328E-04
   10.6304979       1.30497167E-04
   10.6544476       2.89127172E-04
   10.6783962       1.70009182E-04
   10.7023458       3.89176625E-04
   10.7262955       4.33963869E-05
   10.7502441       1.76258894E-04
   10.7741938       2.28197736E-04
   10.7981424       3.00198095E-04
   10.8220921       5.60480170E-04
   10.8460407       2.06130237E-04
   10.8699903       5.96266880E-04
   10.8939390       5.44596114E-04
   10.9178886       2.38538618E-04
   10.9418373       1.94895503E-04
   10.9657869       4.51709639E-04
   10.9897356       4.20042852E-05
   11.0136852       1.32845351E-04
   11.0376339       1.69680032E-04
   11.0615835       7.76832021E-05
   11.0855322       2.44625320E-04
   11.1094818       4.58991708E-05
   11.1334305       4.87168436E-04
   11.1573801       2.78632273E-04
   11.1813288       4.48908249E-05
   11.2052784       7.94320833E-04
   11.2292271       1.39164258E-04
   11.2531767       1.77868114E-05
   11.2771263       7.02262696E-05
   11.3010750       1.33692389E-04
   11.3250246       3.35791847E-04
   11.3489733       4.58787108E-04
   11.3729229       7.22906479E-05
   11.3968716       2.12210231E-04
   11.4208212       1.61059375E-04
   11.4447699       5.48014534E-04
   11.4687195       6.78395329E-04
   11.4926682       6.83974882E-04
   11.5166178       5.16745436E-04
   11.5405664       8.06186290E-05
   11.5645161       2.80805034E-05
   11.5884647       7.00169621E-05
   11.6124144       2.03342825E-05
   11.6363630       1.52095217E-05
   11.6603127       1.84099452E-04
   11.6842613       4.55573499E-05
   11.7082109       3.16809383E-05
   11.7321596       4.02327278E-04
   11.7561092       2.38227367E-04
   11.7800589       1.34611502E-04
   11.8040075       1.93628628E-04
   11.8279572       2.09603430E-04
   11.8519058       4.44117613E-05
   11.8758554       1.03622815E-05
   11.8998041       3.25015462E-05
   11.9237537       3.07652401E-04
   11.9477024       5.88448165E-05
   11.9716520       2.99356288E-05
   11.9956007       6.67426207E-07
   12.0195503       2.83232148E-05
   12.0434990       5.24455798E-04
   12.0674486       9.86248779E-05
   12.0913973       1.07940461E-04
   12.1153469       1.09926550E-04
   12.1392956       2.86309427E-04
   12.1632452       7.21706165E-05
   12.1871939       2.47459422E-04
   12.2111435       3.19506798E-04
   12.2350922       1.83370703E-05
   12.2590418       1.72594984E-04
   12.2829914       1.15980714E-04
   12.3069401       3.48840081E-06
   12.3308897       2.10460348E-04
   12.3548384       8.25393818E-06
   12.3787880       3.14304634E-04
   12.4027367       1.44228485E-04
   12.4266863       3.55830882E-04
   12.4506350       7.01231591E-04
   12.4745846       3.40832426E-04
   12.4985332       2.83813744E-04
   12.5224829       2.39850488E-04
   12.5464315       2.50348065E-04
   12.5703812       1.63861550E-04
   12.5943298       3.49971640E-04
   12.6182795       3.82545812E-04
   12.6422281       1.98966723E-06
   12.6661777       6.75673873E-05
   12.6901264       1.40480770E-04
   12.7140760       1.20271907E-05
   12.7380247       1.95916859E-04
   12.7619743       3.59881815E-05
   12.7859240       4.61863994E-04
   12.8098726       1.06449719E-04
   12.8338223       8.67302958E-07
   12.8577709       2.34192761E-04
   12.8817205       2.41920716E-04
   12.9056692       1.03384569E-04
   12.9296188       8.74337784E-05
   12.9535675       2.22445728E-04
   12.9775171       3.25008761E-04
   13.0014658       4.01125755E-04
   13.0254154       4.83019721E-05
   13.0493641       4.11760528E-04
   13.0733137       2.09473175E-04
   13.0972624       3.46302812E-04
   13.1212120       8.31725600E-04
   13.1451607       3.79482284E-04
   13.1691103       4.34218935E-04
   13.1930590       5.01954812E-04
   13.2170086       5.25686948E-04
   13.2409573       1.83649710E-04
   13.2649069       1.61318996E-04
   13.2888565       5.38173117E-05
   13.3128052       4.16904077E-04
   13.3367548       2.69266951E-04
   13.3607035       4.73668799E-04
   13.3846531       5.91275573E-04
   13.4086018       1.37406732E-05
   13.4325514       4.92903404E-04
   13.4565001       4.01078956E-04
   13.4804497       3.68721696E-04
   13.5043983       1.69974449E-03
   13.5283480       3.73493822E-04
   13.5522966       3.66240332E-04
   13.5762463       2.44347553E-04
   13.6001949       1.82248259E-04
   13.6241446       3.32089810E-04
   13.6480932       9.90556218E-05
   13.6720428       8.99295719E-06
   13.6959915       4.16757364E-04
   13.7199411       1.53582994E-04
   13.7438898       2.91424163E-04
   13.7678394       6.13460084E-04
   13.7917891       6.25578687E-05
   13.8157377       1.82602584E-04
   13.8396873       4.33474663E-04
   13.8636360       1.41810873E-04
   13.8875856       2.72769714E-04
   13.9115343       2.47744028E-04
   13.9354839       1.76848000E-04
   13.9594326       4.74846049E-04
   13.9833822       8.51172736E-05
   14.0073309       1.84553704E-04
   14.0312805       4.36996081E-04
   14.0552292       4.53616231E-05
   14.0791788       2.29170459E-04
   14.1031275       9.15354060E-04
   14.1270771       2.20103084E-05
   14.1510258       1.72276603E-04
   14.1749754       3.52860166E-04
   14.1989241       4.08038206E-04
   14.2228737       2.97037535E-04
   14.2468224       1.36313797E-03
   14.2707720       5.34006860E-04
   14.2947216       9.98042175E-04
   14.3186703       3.61858110E-05
   14.3426199       7.88531092E-04
   14.3665686       5.26134507E-04
   14.3905182       4.88820551E-05
   14.4144669       4.37809183E-04
   14.4384165       2.79391912E-04
   14.4623652       1.90539158E-05
   14.4863148       9.01455351E-05
   14.5102634       5.91156568E-05
   14.5342131       2.06508048E-04
   14.5581617       3.77785938E-04
   14.5821114       4.40286036E-04
   14.6060600       6.94288756E-04
   14.6300097       6.46771281E-04
   14.6539583       1.13228525E-05
   14.6779079       2.46829295E-04
   14.7018566       1.60569980E-05
   14.7258062       3.55755270E-04
   14.7497549       4.17743111E-04
   14.7737045       7.62929703E-05
   14.7976532       2.90966709E-04
   14.8216028       7.40796444E-04
   14.8455524       4.47996099E-05
   14.8695011       2.75689090E-04
   14.8934507       6.91981259E-05
   14.9173994       1.86807083E-04
   14.9413490       8.87630624E-04
   14.9652977       4.07333937E-05
   14.9892473       2.86053546E-04
   15.0131960       7.12801557E-05
   15.0371456       1.46301856E-04
   15.0610943       1.96576904E-04
   15.0850439       2.69803684E-04
   15.1089926       4.43281257E-04
   15.1329422       1.80143819E-04
   15.1568909       3.61190352E-04
   15.1808405       3.33067612E-04
   15.2047892       2.39643588E-04
   15.2287388       5.73846846E-05
   15.2526875       4.85808036E-04
   15.2766371       2.47675111E-04
   15.3005857       9.98142641E-04
   15.3245354       8.55081889E-04
   15.3484850       5.25776180E-04
   15.3724337       7.79213442E-05
   15.3963833       8.50744109E-05
   15.4203320       3.58295729E-05
   15.4442816       2.63932307E-04
   15.4682302       1.49436848E-04
   15.4921799       2.93704885E-04
   15.5161285       4.03126760E-04
   15.5400782       4.55770933E-04
   15.5640268       1.78497314E-04
   15.5879765       7.05357408E-04
   15.6119251       2.37390137E-04
   15.6358747       5.20112575E-04
   15.6598234       1.03229261E-03
   15.6837730       3.38897342E-04
   15.7077217       2.34536594E-04
   15.7316713       9.63948478E-05
   15.7556200       3.23646168E-06
   15.7795696       9.51241454E-05
   15.8035183       1.56925787E-04
   15.8274679       3.18905280E-04
   15.8514175       3.01605352E-04
   15.8753662       2.86832423E-04
   15.8993158       1.67772145E-04
   15.9232645       3.52411414E-04
   15.9472141       1.01189340E-04
   15.9711628       8.25322582E-04
   15.9951124       4.30739165E-04
   16.0190620       6.38282218E-05
   16.0430107       4.92321968E-04
   16.0669594       2.59355351E-04
   16.0909081       1.05114508E-04
   16.1148567       1.56085051E-04
   16.1388073       2.85893970E-04
   16.1627560       4.23434016E-04
   16.1867065       1.02373611E-04
   16.2106552       1.59459887E-06
   16.2346039       4.89119440E-04
   16.2585526       1.90235907E-04
   16.2825012       1.61560267E-04
   16.3064499       8.29244847E-04
   16.3304005       2.73031153E-04
   16.3543510       1.27722407E-04
   16.3782997       4.38738680E-05
   16.4022484       1.22240044E-05
   16.4261971       4.22729529E-04
   16.4501457       1.26808576E-04
   16.4740944       7.40278878E-08
   16.4980450       6.16747770E-04
   16.5219936       1.11232963E-04
   16.5459423       2.16166314E-04
   16.5698929       2.72936129E-04
   16.5938416       1.80424162E-04
   16.6177902       8.60521832E-05
   16.6417389       2.42952927E-04
   16.6656895       3.60890292E-04
   16.6896381       5.08067824E-05
   16.7135868       2.60985893E-04
   16.7375355       8.40187859E-05
   16.7614861       3.54416145E-04
   16.7854347       1.28759038E-05
   16.8093834       1.78259506E-04
   16.8333321       1.74421257E-05
   16.8572826       2.84645103E-05
   16.8812313       1.19989127E-04
   16.9051800       7.85087468E-05
   16.9291306       1.38889664E-04
   16.9530792       9.20100356E-05
   16.9770279       1.63447272E-04
   17.0009766       2.06188677E-04
   17.0249271       1.36651652E-04
   17.0488758       1.20675145E-06
   17.0728245       3.86742235E-04
   17.0967731       6.15404570E-05
   17.1207237       5.17269218E-05
   17.1446724       1.79828174E-04
   17.1686211       4.33041851E-06
   17.1925697       1.72746892E-04
   17.2165203       1.79902840E-04
   17.2404690       1.95367800E-04
   17.2644176       1.01480065E-04
   17.2883663       3.31211981E-04
   17.3123169       9.25459753E-05
   17.3362656       1.42387828E-04
   17.3602142       3.76703130E-04
   17.3841648       1.12755712E-04
   17.4081135       1.70509913E-04
   17.4320621       1.64034325E-04
   17.4560108       1.29323365E-04
   17.4799614       4.79466369E-04
   17.5039101       1.57829374E-04
   17.5278587       2.20115602E-04
   17.5518074       5.38489723E-04
   17.5757580       2.96602782E-04
   17.5997066       3.81549733E-04
   17.6236553       1.44905411E-04
   17.6476040       5.21639558E-05
   17.6715546       1.34798305E-04
   17.6955032       3.71883885E-04
   17.7194519       7.69608305E-04
   17.7434006       2.33211846E-04
   17.7673512       2.52657628E-04
   17.7912998       2.59492343E-04
   17.8152485       4.45392216E-04
   17.8391972       3.39935475E-04
   17.8631477       6.05207388E-05
   17.8870964       4.78894392E-04
   17.9110451       3.68799956E-04
   17.9349957       1.41174751E-04
   17.9589443       1.46287857E-04
   17.9828930       5.28522825E-04
   18.0068417       3.66888882E-04
   18.0307922       6.73492206E-04
   18.0547409       4.47921338E-04
   18.0786896       3.32916330E-04
   18.1026382       1.53270987E-04
   18.1265888       1.37299430E-04
   18.1505375       4.56377398E-04
   18.1744862       1.74649365E-04
   18.1984348       6.50960545E-04
   18.2223854       5.40296896E-04
   18.2463341       9.22764739E-05
   18.2702827       2.33859391E-04
   18.2942314       4.62356198E-04
   18.3181820       1.68383471E-04
   18.3421307       4.79952490E-04
   18.3660793       3.22895125E-04
   18.3900299       6.90552997E-06
   18.4139786       2.04160096E-04
   18.4379272       2.51972915E-06
   18.4618759       2.92868121E-04
   18.4858265       7.68932514E-04
   18.5097752       4.74530680E-05
   18.5337238       1.95201981E-04
   18.5576725       1.83589043E-04
   18.5816231       1.42307123E-04
   18.6055717       8.15480482E-04
   18.6295204       1.74274886E-04
   18.6534691       4.13897260E-06
   18.6774197       6.26441557E-04
   18.7013683       5.27648735E-05
   18.7253170       3.53797113E-05
   18.7492657       2.74298742E-04
   18.7732162       5.80657525E-06
   18.7971649       7.92735547E-04
   18.8211136       3.38441721E-04
   18.8450623       9.70475157E-05
   18.8690128       3.83665727E-04
   18.8929615       1.53197143E-05
   18.9169102       4.79532813E-04
   18.9408607       1.36172294E-03
   18.9648094       8.63423411E-05
   18.9887581       1.20265388E-04
   19.0127068       1.90100487E-04
   19.0366573       3.13785080E-07
   19.0606060       3.26557900E-04
   19.0845547       2.82085111E-05
   19.1085033       2.90881319E-04
   19.1324539       8.18934757E-04
   19.1564026       1.47513172E-04
   19.1803513       8.33438709E-04
   19.2042999       9.10222181E-04
   19.2282505       1.08301710E-05
   19.2521992       1.34889851E-04
   19.2761478       5.96310769E-04
   19.3000965       2.87443108E-05
   19.3240471       1.31557201E-04
   19.3479958       6.42492450E-05
   19.3719444       3.79104808E-04
   19.3958931       3.84901185E-04
   19.4198437       1.77853362E-04
   19.4437923       3.11681215E-04
   19.4677410       3.42737854E-04
   19.4916916       3.32287251E-04
   19.5156403       1.09536934E-03
   19.5395889       9.14280186E-04
   19.5635376       1.47053797E-04
   19.5874882       1.74988236E-04
   19.6114368       7.19794969E-07
   19.6353855       4.13557136E-04
   19.6593342       2.61676119E-04
   19.6832848       1.04096974E-03
   19.7072334       6.66227075E-04
   19.7311821       3.67417873E-04
   19.7551308       1.11319496E-04
   19.7790813       1.16587697E-04
   19.8030300       6.37353587E-05
   19.8269787       6.65989588E-04
   19.8509274       2.43460294E-04
   19.8748779       4.18757372E-05
   19.8988266       1.64958561E-04
   19.9227753       1.03088219E-04
   19.9467258       4.25553822E-04
   19.9706745       6.57708268E-04
   19.9946232       2.34078529E-04
   20.0185719       4.21543722E-04
   20.0425224       4.14457929E-04
   20.0664711       3.12217089E-05
   20.0904198       1.09653927E-04
   20.1143684       5.69616932E-05
   20.1383190       1.18251657E-04
   20.1622677       6.57316064E-04
   20.1862164       2.72614503E-04
   20.2101650       5.09739766E-05
   20.2341156       2.20580463E-04
   20.2580643       5.10817808E-05
   20.2820129       8.18686676E-04
   20.3059616       3.82351078E-04
   20.3299122       8.28998964E-07
   20.3538609       8.09403835E-04
   20.3778095       1.52242879E-04
   20.4017582       2.72161764E-04
   20.4257088       8.79452680E-04
   20.4496574       1.04779094E-04
   20.4736061       2.85813818E-04
   20.4975567       2.42770562E-04
   20.5215054       1.52401713E-04
   20.5454540       2.25358308E-04
   20.5694027       5.72027202E-05
   20.5933533       2.52810773E-04
   20.6173019       8.27426848E-04
   20.6412506       6.98173026E-05
   20.6651993       3.44850443E-04
   20.6891499       4.15953604E-04
   20.7130985       1.44883757E-04
   20.7370472       6.20868872E-04
   20.7609959       6.75703690E-04
   20.7849464       1.27615465E-04
   20.8088951       3.46113637E-04
   20.8328438       1.67831051E-04
   20.8567924       4.00577483E-05
   20.8807430       1.04634103E-03
   20.9046917       8.14307859E-05
   20.9286404       2.79741304E-04
   20.9525909       2.21294860E-04
   20.9765396       3.43490829E-05
   21.0004883       2.38116772E-04
   21.0244370       2.43972041E-04
   21.0483875       5.66827715E-04
   21.0723362       6.61753525E-04
   21.0962849       7.83362266E-05
   21.1202335       1.51846383E-04
   21.1441841       3.69827816E-04
   21.1681328       6.27741683E-05
   21.1920815       3.02755216E-04
   21.2160301       2.61853820E-05
   21.2399807       2.08782789E-04
   21.2639294       1.87747661E-04
   21.2878780       2.93246212E-05
   21.3118267       1.23470862E-04
   21.3357773       4.06697858E-04
   21.3597260       6.56224584E-05
   21.3836746       8.60405053E-05
   21.4076233       1.00752994E-04
   21.4315739       1.73855165E-04
   21.4555225       9.21462197E-05
   21.4794712       1.48322346E-04
   21.5034218       2.65043724E-04
   21.5273705       2.22481365E-04
   21.5513191       6.93097377E-07
   21.5752678       1.54341673E-04
   21.5992184       1.47610714E-04
   21.6231670       4.67926642E-04
   21.6471157       4.09069675E-04
   21.6710644       4.91548795E-04
   21.6950150       1.44544465E-04
   21.7189636       1.01082362E-04
   21.7429123       5.23127383E-04
   21.7668610       1.62668530E-05
   21.7908115       9.69504035E-05
   21.8147602       1.42791687E-04
   21.8387089       2.78548861E-04
   21.8626575       3.43596563E-04
   21.8866081       3.03073157E-05
   21.9105568       9.15648561E-05
   21.9345055       3.80626761E-06
   21.9584541       2.84566020E-04
   21.9824047       5.12182480E-04
   22.0063534       3.30796058E-04
   22.0303020       9.57288721E-05
   22.0542526       1.25983890E-04
   22.0782013       2.93463061E-04
   22.1021500       2.54972674E-05
   22.1260986       2.01287054E-04
   22.1500492       7.22474651E-05
   22.1739979       1.56523645E-04
   22.1979465       4.11460031E-04
   22.2218952       1.51061671E-04
   22.2458458       2.94207275E-05
   22.2697945       8.20539935E-06
   22.2937431       4.06436957E-05
   22.3176918       6.59047684E-04
   22.3416424       2.73473415E-04
   22.3655910       1.43249117E-05
   22.3895397       9.59231620E-05
   22.4134884       5.97658858E-04
   22.4374390       2.83999143E-05
   22.4613876       2.43208749E-04
   22.4853363       2.81452303E-05
   22.5092869       9.57228985E-05
   22.5332355       2.97103543E-04
   22.5571842       6.47546840E-04
   22.5811329       4.19137650E-04
   22.6050835       2.60183122E-04
   22.6290321       1.46758932E-04
   22.6529808       4.78875503E-04
   22.6769295       2.44200870E-04
   22.7008801       1.13258277E-04
   22.7248287       1.11287918E-05
   22.7487774       5.60041481E-05
   22.7727261       1.74058499E-04
   22.7966766       6.68231689E-04
   22.8206253       1.47128085E-04
   22.8445740       9.59427198E-05
   22.8685226       1.83183962E-04
   22.8924732       1.99657487E-04
   22.9164219       8.97305203E-04
   22.9403706       8.72959426E-05
   22.9643192       2.70452409E-04
   22.9882698       2.88296491E-04
   23.0122185       2.44300696E-04
   23.0361671       2.96839193E-04
   23.0601177       4.12020076E-04
   23.0840664       1.13546994E-04
   23.1080151       2.55917344E-04
   23.1319637       5.23426977E-04
   23.1559143       1.34497677E-04
   23.1798630       4.01270780E-04
   23.2038116       1.12818787E-04
   23.2277603       3.38824553E-04
   23.2517109       8.20948626E-04
   23.2756596       2.30505175E-04
   23.2996082       4.51412605E-04
   23.3235569       2.40268404E-04
   23.3475075       3.41022213E-04
   23.3714561       8.36345134E-04
   23.3954048       6.30699578E-05
   23.4193535       3.44307104E-04
   23.4433041       1.65369769E-04
   23.4672527       1.56586088E-04
   23.4912014       5.55058650E-04
   23.5151520       2.86719674E-04
   23.5391006       5.15858934E-04
   23.5630493       1.18202495E-03
   23.5869980       1.49547181E-04
   23.6109486       6.69872679E-05
   23.6348972       2.19436261E-04
   23.6588459       8.59540960E-05
   23.6827946       1.63341081E-03
   23.7067451       4.72258311E-04
   23.7306938       9.94477159E-05
   23.7546425       8.22427974E-05
   23.7785912       1.01387081E-06
   23.8025417       1.03781465E-03
   23.8264904       5.73454541E-04
   23.8504391       2.56021904E-05
   23.8743877       3.11826763E-04
   23.8983383       2.76799430E-04
   23.9222870       2.59399167E-05
   23.9462357       1.45005761E-04
   23.9701843       8.36350773E-06
   23.9941349       3.26680514E-04
   24.0180836       1.18566444E-03
   24.0420322       1.35284456E-04
   24.0659828       4.57883798E-05
   24.0899315       2.21852315E-06
   24.1138802       1.05733794E-04
   24.1378288       5.97249717E-04
   24.1617794       4.98517009E-04
   24.1857281       9.44377171E-05
   24.2096767       3.76549840E-04
   24.2336254       5.93231161E-05
   24.2575760       2.95833510E-04
   24.2815247       4.38000192E-04
   24.3054733       1.91405325E-05
   24.3294220       2.73726706E-04
   24.3533726       6.06195768E-04
   24.3773212       2.95521779E-04
   24.4012699       4.30447690E-05
   24.4252186       1.05015431E-04
   24.4491692       3.99507931E-04
   24.4731178       3.13153345E-04
   24.4970665       7.03373225E-05
   24.5210171       7.80317117E-04
   24.5449657       5.12698083E-04
   24.5689144       2.49493780E-04
   24.5928631       5.28670498E-04
   24.6168137       8.42380337E-04
   24.6407623       2.10786558E-04
   24.6647110       3.16287420E-04
   24.6886597       2.72688194E-04
   24.7126102       2.80872046E-04
   24.7365589       6.04649656E-04
   24.7605076       1.57320144E-04
   24.7844563       8.61924258E-04
   24.8084068       3.86717380E-04
   24.8323555       3.12083539E-05
   24.8563042       5.71205805E-04
   24.8802528       1.92010975E-05
   24.9042034       5.30466670E-04
   24.9281521       6.67749962E-04
   24.9521008       3.93350783E-04
   24.9760494       3.53875919E-04
   25.0000000       1.63005243E-04
