  0.500000000       5.19819841E-05
  0.523949146       1.41634111E-04
  0.547898352       2.47900723E-04
  0.571847498       4.33349953E-04
  0.595796704       7.48485210E-04
  0.619745851       1.05049834E-03
  0.643694997       1.17853004E-03
  0.667644143       1.08327076E-03
  0.691593349       1.00054021E-03
  0.715542555       9.35965916E-04
  0.739491701       9.39359306E-04
  0.763440847       1.22219895E-03
  0.787389994       1.28802971E-03
  0.811339200       1.19594159E-03
  0.835288346       1.10084447E-03
  0.859237552       1.31086749E-03
  0.883186698       1.64196407E-03
  0.907135844       1.52998313E-03
  0.931085050       1.31779129E-03
  0.955034196       1.25648128E-03
  0.978983402       1.69885263E-03
   1.00293255       2.28509749E-03
   1.02688169       2.64129601E-03
   1.05083084       3.31353839E-03
   1.07477999       4.93267691E-03
   1.09872913       6.63208542E-03
   1.12267840       8.26074556E-03
   1.14662755       8.98613408E-03
   1.17057669       1.02403425E-02
   1.19452596       1.06643718E-02
   1.21847510       1.13555770E-02
   1.24242425       1.20156808E-02
   1.26637340       1.28492936E-02
   1.29032254       1.38501227E-02
   1.31427169       1.57952998E-02
   1.33822083       1.83650628E-02
   1.36217010       2.11064294E-02
   1.38611925       2.21855566E-02
   1.41006839       2.31085885E-02
   1.43401766       2.40890551E-02
   1.45796680       2.68863812E-02
   1.48191595       2.85533592E-02
   1.50586510       2.90642474E-02
   1.52981424       3.10599133E-02
   1.55376339       3.53800878E-02
   1.57771254       4.04561721E-02
   1.60166180       4.35914397E-02
   1.62561095       4.81470078E-02
   1.64956009       5.46026677E-02
   1.67350924       6.11913837E-02
   1.69745839       6.62935227E-02
   1.72140765       7.04189092E-02
   1.74535680       7.77005553E-02
   1.76930594       8.57100785E-02
   1.79325509       9.29982662E-02
   1.81720424       9.98386443E-02
   1.84115338      0.106110439    
   1.86510265      0.113962971    
   1.88905180      0.121542007    
   1.91300094      0.129282862    
   1.93695009      0.136392772    
   1.96089923      0.141309321    
   1.98484850      0.145615995    
   2.00879765      0.153350875    
   2.03274679      0.162803486    
   2.05669594      0.169970572    
   2.08064508      0.174085945    
   2.10459423      0.184063077    
   2.12854338      0.199549526    
   2.15249252      0.214835852    
   2.17644167      0.227629095    
   2.20039082      0.238610387    
   2.22434020      0.254036278    
   2.24828935      0.270352274    
   2.27223849      0.281604528    
   2.29618764      0.291707993    
   2.32013679      0.306242287    
   2.34408593      0.320877433    
   2.36803532      0.337249160    
   2.39198446      0.347348928    
   2.41593361      0.360172689    
   2.43988276      0.374298751    
   2.46383190      0.384431988    
   2.48778105      0.393775821    
   2.51173019      0.401522458    
   2.53567934      0.405872047    
   2.55962849      0.409089565    
   2.58357763      0.419279695    
   2.60752678      0.429358363    
   2.63147593      0.434557319    
   2.65542507      0.441419125    
   2.67937446      0.451888412    
   2.70332360      0.468774676    
   2.72727275      0.483947694    
   2.75122190      0.491652042    
   2.77517104      0.499957263    
   2.79912019      0.514495313    
   2.82306933      0.531540573    
   2.84701848      0.538900912    
   2.87096763      0.542108357    
   2.89491677      0.549004734    
   2.91886592      0.559568644    
   2.94281530      0.565739632    
   2.96676445      0.566213727    
   2.99071360      0.564326525    
   3.01466274      0.565739393    
   3.03861189      0.562974572    
   3.06256104      0.561807573    
   3.08651018      0.556074500    
   3.11045933      0.548453689    
   3.13440847      0.537655294    
   3.15835762      0.532060385    
   3.18230677      0.528683960    
   3.20625615      0.529036224    
   3.23020530      0.526882887    
   3.25415444      0.525304079    
   3.27810359      0.528448284    
   3.30205274      0.526988029    
   3.32600188      0.521972418    
   3.34995103      0.514495015    
   3.37390018      0.510970116    
   3.39784932      0.505183101    
   3.42179847      0.492122144    
   3.44574785      0.483005762    
   3.46969700      0.481161147    
   3.49364614      0.480652273    
   3.51759529      0.475882709    
   3.54154444      0.462273985    
   3.56549358      0.451756597    
   3.58944273      0.439673841    
   3.61339188      0.426819503    
   3.63734102      0.409710109    
   3.66129017      0.392337769    
   3.68523932      0.373695254    
   3.70918870      0.361930490    
   3.73313785      0.353272915    
   3.75708699      0.349744022    
   3.78103614      0.339754701    
   3.80498528      0.327387691    
   3.82893443      0.317278862    
   3.85288358      0.313353658    
   3.87683272      0.305266798    
   3.90078187      0.295419991    
   3.92473102      0.281050444    
   3.94868040      0.275363475    
   3.97262955      0.269971877    
   3.99657869      0.265452623    
   4.02052784      0.257816315    
   4.04447699      0.250097781    
   4.06842613      0.245008990    
   4.09237528      0.237001538    
   4.11632442      0.226264775    
   4.14027357      0.214524806    
   4.16422272      0.201013640    
   4.18817186      0.191101089    
   4.21212101      0.179768994    
   4.23607063      0.172022790    
   4.26001930      0.161360160    
   4.28396893      0.151780725    
   4.30791759      0.145050481    
   4.33186722      0.140128791    
   4.35581589      0.134031922    
   4.37976551      0.126313582    
   4.40371418      0.120743260    
   4.42766380      0.114721641    
   4.45161247      0.109180897    
   4.47556210      0.104298376    
   4.49951124       9.91268754E-02
   4.52346039       9.84429494E-02
   4.54740953       9.72993225E-02
   4.57135868       9.25742760E-02
   4.59530783       8.75262469E-02
   4.61925697       8.51505399E-02
   4.64320612       8.27328637E-02
   4.66715527       7.71788731E-02
   4.69110441       6.97852299E-02
   4.71505356       6.41075596E-02
   4.73900270       5.92415184E-02
   4.76295185       5.60576320E-02
   4.78690100       5.32801598E-02
   4.81085014       4.85957079E-02
   4.83479929       4.42286953E-02
   4.85874891       4.09586392E-02
   4.88269806       3.84838320E-02
   4.90664721       3.73535119E-02
   4.93059635       3.43940854E-02
   4.95454550       3.12088244E-02
   4.97849464       2.95684040E-02
   5.00244379       2.89278422E-02
   5.02639294       2.87963562E-02
   5.05034208       2.61093788E-02
   5.07429123       2.47003324E-02
   5.09824038       2.42541302E-02
   5.12218952       2.34395936E-02
   5.14613867       2.21173074E-02
   5.17008781       2.03171112E-02
   5.19403696       1.90154836E-02
   5.21798611       1.72930527E-02
   5.24193525       1.52903013E-02
   5.26588440       1.36610242E-02
   5.28983355       1.22222323E-02
   5.31378269       1.08123654E-02
   5.33773184       9.25679039E-03
   5.36168146       8.09353031E-03
   5.38563061       7.10635819E-03
   5.40957975       6.76190481E-03
   5.43352890       6.03501266E-03
   5.45747805       5.35033597E-03
   5.48142719       4.96956799E-03
   5.50537634       4.59074322E-03
   5.52932549       3.84630356E-03
   5.55327463       3.74418939E-03
   5.57722378       3.39343725E-03
   5.60117292       3.22813843E-03
   5.62512207       2.76957382E-03
   5.64907122       2.81686778E-03
   5.67302036       3.55575583E-03
   5.69696951       3.61495069E-03
   5.72091866       2.97716376E-03
   5.74486780       2.22189236E-03
   5.76881695       1.90473243E-03
   5.79276609       1.75726914E-03
   5.81671524       1.46394456E-03
   5.84066439       9.30947135E-04
   5.86461353       6.12889242E-04
   5.88856316       5.90539014E-04
   5.91251230       4.94507374E-04
   5.93646145       4.79382987E-04
   5.96041059       4.50694468E-04
   5.98435974       4.07021143E-04
   6.00830889       2.59426801E-04
   6.03225803       1.85726502E-04
   6.05620718       1.70701591E-04
   6.08015633       1.03089551E-04
   6.10410547       8.75014011E-05
   6.12805462       2.81653520E-05
   6.15200377       2.75195744E-05
   6.17595291       7.78347239E-05
   6.19990206       6.61340164E-05
   6.22385120       3.42912135E-05
   6.24780035       4.05538667E-05
   6.27174950       3.59045152E-05
   6.29569864       3.34432707E-06
   6.31964779       5.26767053E-06
   6.34359694       1.09655753E-06
   6.36754608       1.32686037E-05
   6.39149570       1.06939806E-04
   6.41544485       1.95888642E-04
   6.43939400       8.84117690E-05
   6.46334314       6.59069774E-05
   6.48729229       1.10924811E-04
   6.51124144       1.57558199E-04
   6.53519058       4.16204159E-04
   6.55913973       4.81893425E-04
   6.58308887       4.34510817E-04
   6.60703802       4.80928516E-04
   6.63098717       4.72884625E-04
   6.65493631       4.55487054E-04
   6.67888546       3.40602157E-04
   6.70283461       3.29212140E-04
   6.72678375       1.58365685E-04
   6.75073290       9.41513645E-05
   6.77468204       1.91209314E-04
   6.79863119       2.57401291E-04
   6.82258034       1.02267026E-04
   6.84652948       6.69684887E-05
   6.87047863       2.12458166E-04
   6.89442825       2.57900945E-04
   6.91837740       2.03245596E-04
   6.94232655       1.75622001E-04
   6.96627569       2.27498575E-04
   6.99022484       2.80107197E-04
   7.01417398       2.77983432E-04
   7.03812313       2.13868945E-04
   7.06207228       2.12884217E-04
   7.08602142       4.08956112E-04
   7.10997057       5.49262622E-04
   7.13391972       4.20130993E-04
   7.15786886       4.76057263E-04
   7.18181801       5.34002495E-04
   7.20576715       4.16793686E-04
   7.22971630       3.62634542E-04
   7.25366545       2.65061331E-04
   7.27761459       2.43791656E-04
   7.30156374       1.38682692E-04
   7.32551289       1.91956467E-04
   7.34946203       2.16523942E-04
   7.37341118       2.36314372E-04
   7.39736080       2.36839725E-04
   7.42130995       2.81765795E-04
   7.44525909       5.10072161E-04
   7.46920824       6.82449318E-04
   7.49315739       6.12038362E-04
   7.51710653       4.68578888E-04
   7.54105568       5.24171977E-04
   7.56500483       5.97585225E-04
   7.58895397       3.68824578E-04
   7.61290312       1.96773763E-04
   7.63685226       1.28405591E-04
   7.66080141       2.02574098E-04
   7.68475056       2.95861391E-04
   7.70869970       3.14918609E-04
   7.73264885       3.03642330E-04
   7.75659800       3.41481762E-04
   7.78054714       5.17196837E-04
   7.80449629       2.93521269E-04
   7.82844543       2.10002938E-04
   7.85239458       1.63844234E-04
   7.87634373       1.29388951E-04
   7.90029287       1.03998478E-04
   7.92424250       8.80252337E-05
   7.94819164       1.88223465E-04
   7.97214079       3.12982476E-04
   7.99608994       4.41212236E-04
   8.02003860       6.08118775E-04
   8.04398823       5.83328540E-04
   8.06793785       5.14332205E-04
   8.09188652       2.93658464E-04
   8.11583519       2.68316304E-04
   8.13978481       2.53768550E-04
   8.16373444       1.86215140E-04
   8.18768311       7.48642924E-05
   8.21163177       5.33316379E-05
   8.23558140       2.73188227E-04
   8.25953102       4.32703120E-04
   8.28347969       2.69886543E-04
   8.30742836       8.56137194E-05
   8.33137798       6.53243769E-05
   8.35532761       1.05107421E-04
   8.37927628       2.18722398E-05
   8.40322495       1.10435913E-05
   8.42717552       1.04998753E-06
   8.45112419       1.24632234E-05
   8.47507286       4.17294432E-05
   8.49902248       1.07388369E-04
   8.52297115       1.78509479E-04
   8.54692078       3.65491665E-04
   8.57086945       6.38305326E-04
   8.59481907       5.61476685E-04
   8.61876774       4.95685963E-04
   8.64271736       3.71871924E-04
   8.66666603       1.86999474E-04
   8.69061565       8.96845158E-05
   8.71456528       5.64694492E-05
   8.73851395       1.13601876E-04
   8.76246357       1.30565037E-04
   8.78641224       9.12818359E-05
   8.81036186       2.09547696E-04
   8.83431053       2.36612323E-04
   8.85826015       1.40192453E-04
   8.88220882       1.29583437E-04
   8.90615845       1.00687321E-04
   8.93010712       1.13404451E-04
   8.95405674       8.09302437E-05
   8.97800541       6.59454527E-05
   9.00195503       2.61707282E-05
   9.02590370       1.11543268E-04
   9.04985332       1.59591291E-04
   9.07380199       8.57211344E-05
   9.09775162       2.29235375E-04
   9.12170029       3.89652501E-04
   9.14564991       3.82683706E-04
   9.16959858       1.72157888E-04
   9.19354820       1.22899335E-04
   9.21749783       9.17559519E-05
   9.24144650       1.11409398E-04
   9.26539612       1.02984632E-04
   9.28934479       1.43211742E-04
   9.31329441       1.78385395E-04
   9.33724308       1.29369815E-04
   9.36119270       1.57852977E-04
   9.38514137       1.18808690E-04
   9.40909100       1.01544269E-04
   9.43303967       1.33931288E-04
   9.45698929       5.76982566E-05
   9.48093796       6.00955318E-05
   9.50488758       1.24492843E-04
   9.52883625       2.53725128E-04
   9.55278587       2.61590147E-04
   9.57673454       9.46847213E-05
   9.60068417       1.74821398E-04
   9.62463284       1.57090981E-04
   9.64858246       8.15714011E-05
   9.67253113       2.24402138E-05
   9.69648075       6.01430875E-05
   9.72043037       8.96647325E-05
   9.74437904       8.98959843E-05
   9.76832867       9.69277389E-05
   9.79227734       1.26278930E-04
   9.81622696       1.77410533E-04
   9.84017563       2.19042122E-04
   9.86412525       1.74591099E-04
   9.88807392       2.01772054E-04
   9.91202354       2.07642792E-04
   9.93597221       1.14397328E-04
   9.95992184       7.68228565E-05
   9.98387051       1.19917946E-04
   10.0078201       2.00925031E-04
   10.0317688       1.57841263E-04
   10.0557184       1.56158392E-04
   10.0796671       1.96431298E-04
   10.1036167       1.80190735E-04
   10.1275654       7.92223509E-05
   10.1515150       2.73028462E-07
   10.1754637       4.00495992E-05
   10.1994133       4.46992599E-05
   10.2233629       7.33340221E-06
   10.2473116       2.83244281E-05
   10.2712612       5.87544855E-05
   10.2952099       4.46473750E-05
   10.3191595       4.94232590E-05
   10.3431082       5.42395137E-05
   10.3670578       1.80974966E-04
   10.3910065       3.08499468E-04
   10.4149561       2.84419395E-04
   10.4389048       1.69215942E-04
   10.4628544       6.27010668E-05
   10.4868031       3.18055427E-05
   10.5107527       9.37366531E-06
   10.5347013       4.37831623E-05
   10.5586510       1.22790239E-04
   10.5825996       1.81518990E-04
   10.6065493       1.12750051E-04
   10.6304979       9.66016887E-05
   10.6544476       5.38264685E-05
   10.6783962       1.48282823E-04
   10.7023458       9.25297427E-05
   10.7262955       1.10824258E-05
   10.7502441       1.89964885E-05
   10.7741938       1.15584153E-05
   10.7981424       2.46567488E-05
   10.8220921       2.85005917E-05
   10.8460407       8.84972906E-06
   10.8699903       7.63842836E-05
   10.8939390       1.40787568E-04
   10.9178886       1.55857473E-04
   10.9418373       2.01071234E-04
   10.9657869       2.83668283E-04
   10.9897356       1.60779149E-04
   11.0136852       1.04051105E-04
   11.0376339       8.49958451E-05
   11.0615835       3.65895903E-05
   11.0855322       3.27842372E-06
   11.1094818       1.21453131E-05
   11.1334305       2.53076141E-05
   11.1573801       1.52891207E-05
   11.1813288       2.92505065E-05
   11.2052784       3.48924295E-05
   11.2292271       2.66460374E-05
   11.2531767       2.84723428E-05
   11.2771263       8.30951321E-05
   11.3010750       7.15828646E-05
   11.3250246       8.54236860E-05
   11.3489733       1.08585904E-04
   11.3729229       1.45801343E-04
   11.3968716       3.43642932E-05
   11.4208212       2.43164050E-05
   11.4447699       8.45481409E-05
   11.4687195       1.12428381E-04
   11.4926682       6.14424353E-05
   11.5166178       1.12726259E-04
   11.5405664       1.71826337E-04
   11.5645161       1.24037862E-04
   11.5884647       2.32441816E-05
   11.6124144       8.32547994E-06
   11.6363630       2.12221530E-05
   11.6603127       3.02197077E-05
   11.6842613       1.05340805E-05
   11.7082109       9.09835671E-06
   11.7321596       1.20139084E-05
   11.7561092       5.32171252E-05
   11.7800589       6.23389133E-05
   11.8040075       6.09177732E-05
   11.8279572       1.29791704E-04
   11.8519058       1.52326204E-04
   11.8758554       1.71256397E-04
   11.8998041       1.41045559E-04
   11.9237537       7.64225551E-05
   11.9477024       4.91314349E-05
   11.9716520       6.14403643E-06
   11.9956007       7.53852009E-06
   12.0195503       4.31776934E-05
   12.0434990       7.12408219E-05
   12.0674486       6.58945937E-05
   12.0913973       1.09344284E-04
   12.1153469       1.41648197E-04
   12.1392956       8.36691179E-05
   12.1632452       2.26566044E-05
   12.1871939       3.05443828E-05
   12.2111435       5.42535781E-05
   12.2350922       9.35280186E-05
   12.2590418       9.72467824E-05
   12.2829914       2.40468871E-05
   12.3069401       8.94789082E-06
   12.3308897       1.34848824E-05
   12.3548384       1.91106956E-05
   12.3787880       1.24120314E-04
   12.4027367       1.94021501E-04
   12.4266863       2.06446697E-04
   12.4506350       1.57504081E-04
   12.4745846       1.84918958E-04
   12.4985332       1.75226945E-04
   12.5224829       5.36549269E-05
   12.5464315       8.49885237E-06
   12.5703812       2.23288430E-06
   12.5943298       4.26450497E-05
   12.6182795       9.59524477E-05
   12.6422281       6.70784066E-05
   12.6661777       9.60882608E-05
   12.6901264       1.10311914E-04
   12.7140760       8.23684386E-05
   12.7380247       4.47951898E-05
   12.7619743       6.07301554E-05
   12.7859240       8.04196316E-05
   12.8098726       1.42024568E-04
   12.8338223       1.66633079E-04
   12.8577709       1.88083377E-05
   12.8817205       1.29574801E-05
   12.9056692       2.78847892E-05
   12.9296188       5.77219635E-06
   12.9535675       1.85861572E-04
   12.9775171       2.47509568E-04
   13.0014658       2.08259284E-04
   13.0254154       7.05947532E-05
   13.0493641       1.23047124E-04
   13.0733137       1.00300975E-04
   13.0972624       3.74600240E-05
   13.1212120       2.70644850E-05
   13.1451607       3.80432793E-05
   13.1691103       3.21625303E-05
   13.1930590       2.09220307E-05
   13.2170086       2.45632982E-05
   13.2409573       2.95085720E-05
   13.2649069       4.28603453E-05
   13.2888565       3.59155056E-05
   13.3128052       6.31262519E-05
   13.3367548       1.02627680E-04
   13.3607035       1.00149191E-04
   13.3846531       1.18604927E-04
   13.4086018       4.53301254E-05
   13.4325514       4.33256446E-06
   13.4565001       3.19228857E-05
   13.4804497       2.01521652E-05
   13.5043983       5.10276732E-05
   13.5283480       1.80079805E-04
   13.5522966       1.85040597E-04
   13.5762463       1.21666671E-04
   13.6001949       4.58768518E-05
   13.6241446       3.99355413E-05
   13.6480932       2.94024539E-05
   13.6720428       1.43816578E-05
   13.6959915       1.06266771E-05
   13.7199411       2.56853446E-06
   13.7438898       2.57734355E-05
   13.7678394       1.89884304E-05
   13.7917891       1.94294844E-05
   13.8157377       6.77729258E-05
   13.8396873       7.22028126E-05
   13.8636360       1.72722881E-04
   13.8875856       2.33364379E-04
   13.9115343       2.42613140E-04
   13.9354839       2.88515817E-04
   13.9594326       1.72087806E-04
   13.9833822       4.62564094E-05
   14.0073309       3.54391409E-06
   14.0312805       3.36783487E-05
   14.0552292       1.31015850E-05
   14.0791788       1.42670742E-05
   14.1031275       4.32652523E-05
   14.1270771       3.69667105E-05
   14.1510258       5.55954512E-06
   14.1749754       3.47131254E-06
   14.1989241       2.07839767E-05
   14.2228737       1.09076282E-04
   14.2468224       1.09652523E-04
   14.2707720       3.88812587E-05
   14.2947216       4.49052968E-05
   14.3186703       3.19990831E-05
   14.3426199       2.28055069E-05
   14.3665686       2.77913678E-05
   14.3905182       8.96030033E-05
   14.4144669       1.83209922E-04
   14.4384165       2.13472405E-04
   14.4623652       1.51763204E-04
   14.4863148       1.04632476E-04
   14.5102634       9.47881636E-05
   14.5342131       6.19702478E-05
   14.5581617       4.20149263E-05
   14.5821114       3.23854988E-06
   14.6060600       2.01386538E-05
   14.6300097       3.02243934E-05
   14.6539583       9.67630185E-05
   14.6779079       1.04896026E-04
   14.7018566       4.48632418E-05
   14.7258062       7.77566020E-05
   14.7497549       8.88890718E-05
   14.7737045       1.27181062E-04
   14.7976532       2.20094807E-04
   14.8216028       2.48412136E-04
   14.8455524       1.50951513E-04
   14.8695011       1.32548448E-04
   14.8934507       1.05738378E-04
   14.9173994       4.47900020E-05
   14.9413490       3.52879324E-05
   14.9652977       7.65224831E-05
   14.9892473       7.63602075E-05
   15.0131960       5.52691490E-05
   15.0371456       3.37787060E-05
   15.0610943       6.84762344E-05
   15.0850439       1.05645624E-04
   15.1089926       8.52083467E-05
   15.1329422       7.31649052E-05
   15.1568909       1.13075503E-05
   15.1808405       2.81063858E-05
   15.2047892       3.95166862E-05
   15.2287388       6.89026783E-05
   15.2526875       2.51932943E-05
   15.2766371       2.86657232E-05
   15.3005857       7.71317355E-05
   15.3245354       6.43703170E-05
   15.3484850       1.60717755E-04
   15.3724337       3.21081840E-04
   15.3963833       2.66233226E-04
   15.4203320       1.12240494E-04
   15.4442816       5.67285970E-05
   15.4682302       1.62057913E-05
   15.4921799       3.12791349E-06
   15.5161285       7.08702885E-07
   15.5400782       2.67590440E-05
   15.5640268       2.68109125E-05
   15.5879765       2.43267423E-05
   15.6119251       3.24462526E-05
   15.6358747       3.50873743E-05
   15.6598234       5.36592015E-05
   15.6837730       1.07561391E-04
   15.7077217       1.47694023E-04
   15.7316713       1.25422855E-04
   15.7556200       6.67505374E-05
   15.7795696       5.34427782E-05
   15.8035183       4.16549046E-05
   15.8274679       7.40296218E-06
   15.8514175       5.33236089E-05
   15.8753662       4.53284956E-05
   15.8993158       3.55921875E-05
   15.9232645       8.88932336E-05
   15.9472141       1.18474592E-04
   15.9711628       7.59721952E-05
   15.9951124       1.71154788E-05
   16.0190620       1.62297893E-05
   16.0430107       1.39352633E-05
   16.0669594       5.27121920E-05
   16.0909081       5.88533294E-05
   16.1148567       7.85382581E-05
   16.1388073       5.83970177E-05
   16.1627560       4.60647861E-05
   16.1867065       1.08608192E-05
   16.2106552       1.15983567E-05
   16.2346039       6.56218617E-05
   16.2585526       1.75702226E-04
   16.2825012       1.87407291E-04
   16.3064499       9.71162372E-05
   16.3304005       8.38744891E-05
   16.3543510       1.02623846E-04
   16.3782997       3.88724984E-05
   16.4022484       1.59551121E-06
   16.4261971       5.11845756E-05
   16.4501457       8.97939462E-05
   16.4740944       7.97664325E-05
   16.4980450       8.28395059E-05
   16.5219936       1.22965139E-04
   16.5459423       9.73785936E-05
   16.5698929       2.93374142E-05
   16.5938416       3.41796112E-05
   16.6177902       7.55581932E-05
   16.6417389       1.57852162E-04
   16.6656895       1.06835556E-04
   16.6896381       5.32913909E-05
   16.7135868       3.94017807E-05
   16.7375355       1.95259508E-05
   16.7614861       7.55014844E-06
   16.7854347       2.82562032E-05
   16.8093834       9.78535390E-05
   16.8333321       1.17448100E-04
   16.8572826       1.27713793E-04
   16.8812313       1.28509913E-04
   16.9051800       5.83431101E-05
   16.9291306       7.07685758E-05
   16.9530792       4.74090048E-05
   16.9770279       5.29879981E-06
   17.0009766       4.30017690E-06
   17.0249271       1.13704027E-05
   17.0488758       1.44556498E-06
   17.0728245       7.23789708E-05
   17.0967731       1.03799590E-04
   17.1207237       1.36172443E-04
   17.1446724       7.23895864E-05
   17.1686211       4.97544424E-05
   17.1925697       8.43440648E-05
   17.2165203       1.80549003E-04
   17.2404690       1.81954485E-04
   17.2644176       5.84646186E-05
   17.2883663       2.60580655E-05
   17.3123169       7.12895780E-06
   17.3362656       1.82977278E-09
   17.3602142       6.73443719E-05
   17.3841648       1.19258664E-04
   17.4081135       2.10859987E-04
   17.4320621       2.21642957E-04
   17.4560108       1.98116890E-04
   17.4799614       1.85131183E-04
   17.5039101       1.54137670E-04
   17.5278587       7.58491224E-05
   17.5518074       2.87959556E-05
   17.5757580       3.21137804E-06
   17.5997066       6.68068014E-06
   17.6236553       1.77425136E-05
   17.6476040       3.95808056E-05
   17.6715546       2.74461036E-05
   17.6955032       5.51509875E-05
   17.7194519       2.23165443E-05
   17.7434006       1.10294914E-05
   17.7673512       6.82550453E-05
   17.7912998       1.53416040E-04
   17.8152485       1.33672380E-04
   17.8391972       5.18628367E-05
   17.8631477       3.31724800E-06
   17.8870964       9.05738125E-06
   17.9110451       2.04672142E-05
   17.9349957       5.89266128E-05
   17.9589443       1.65085454E-04
   17.9828930       1.19287011E-04
   18.0068417       8.45949762E-05
   18.0307922       5.97191356E-05
   18.0547409       3.05676949E-05
   18.0786896       6.55956756E-05
   18.1026382       6.71770176E-05
   18.1265888       6.37877893E-05
   18.1505375       8.72096352E-05
   18.1744862       3.43114589E-05
   18.1984348       4.75412853E-05
   18.2223854       2.28803838E-05
   18.2463341       2.24697269E-05
   18.2702827       1.72595130E-04
   18.2942314       2.20297647E-04
   18.3181820       2.05486722E-04
   18.3421307       1.77814014E-04
   18.3660793       1.98808339E-04
   18.3900299       1.24448765E-04
   18.4139786       6.70314112E-05
   18.4379272       7.22010736E-05
   18.4618759       9.10896324E-06
   18.4858265       8.21743288E-06
   18.5097752       2.55165178E-05
   18.5337238       2.11005354E-05
   18.5576725       1.57032246E-05
   18.5816231       1.48743420E-05
   18.6055717       1.22630536E-05
   18.6295204       2.18279856E-05
   18.6534691       5.30639372E-05
   18.6774197       7.21148972E-05
   18.7013683       1.14226845E-04
   18.7253170       6.04369488E-05
   18.7492657       6.72041278E-05
   18.7732162       4.87862526E-05
   18.7971649       9.96848144E-07
   18.8211136       4.34080503E-05
   18.8450623       1.61179545E-04
   18.8690128       1.12068119E-04
   18.8929615       5.76105522E-05
   18.9169102       8.13503066E-05
   18.9408607       1.56617985E-04
   18.9648094       9.53857016E-05
   18.9887581       2.46899617E-05
   19.0127068       2.05826018E-05
   19.0366573       4.50080661E-05
   19.0606060       1.03984079E-04
   19.0845547       6.80746889E-05
   19.1085033       4.59709263E-05
   19.1324539       1.22602705E-05
   19.1564026       2.00753493E-05
   19.1803513       4.60063238E-05
   19.2042999       1.40570963E-04
   19.2282505       2.94269819E-04
   19.2521992       2.86227470E-04
   19.2761478       2.45244766E-04
   19.3000965       1.05109444E-04
   19.3240471       5.83405090E-05
   19.3479958       1.17474547E-05
   19.3719444       2.77990966E-06
   19.3958931       4.96864741E-05
   19.4198437       8.65363254E-05
   19.4437923       7.49625106E-05
   19.4677410       8.47389165E-05
   19.4916916       1.56532551E-04
   19.5156403       1.09177214E-04
   19.5395889       6.65114421E-05
   19.5635376       8.81642554E-05
   19.5874882       9.31972390E-05
   19.6114368       1.33519643E-04
   19.6353855       1.76787958E-04
   19.6593342       1.15600626E-04
   19.6832848       2.33128208E-06
   19.7072334       5.45697549E-06
   19.7311821       2.59099124E-05
   19.7551308       6.54225223E-05
   19.7790813       2.15839245E-04
   19.8030300       2.62757676E-04
   19.8269787       2.10246537E-04
   19.8509274       1.89109967E-04
   19.8748779       1.79364608E-04
   19.8988266       1.40305347E-04
   19.9227753       1.44199788E-04
   19.9467258       5.26449548E-05
   19.9706745       8.18605040E-05
   19.9946232       5.15727443E-05
   20.0185719       6.63962328E-06
   20.0425224       3.88862964E-06
   20.0664711       3.46700908E-05
   20.0904198       8.42284062E-05
   20.1143684       1.43260288E-04
   20.1383190       1.14284303E-04
   20.1622677       6.52808303E-05
   20.1862164       8.31158104E-05
   20.2101650       9.69104512E-05
   20.2341156       3.56190103E-05
   20.2580643       7.06726087E-06
   20.2820129       6.47772104E-05
   20.3059616       3.90332971E-05
   20.3299122       1.35398150E-04
   20.3538609       1.31768116E-04
   20.3778095       1.55468821E-04
   20.4017582       7.29040185E-05
   20.4257088       1.02351180E-04
   20.4496574       2.17781526E-05
   20.4736061       2.24265114E-05
   20.4975567       1.23114532E-05
   20.5215054       1.88243193E-05
   20.5454540       1.42816743E-05
   20.5694027       3.13076525E-05
   20.5933533       1.41008550E-05
   20.6173019       3.86932788E-06
   20.6412506       6.06820140E-06
   20.6651993       5.20090107E-05
   20.6891499       1.16002862E-04
   20.7130985       1.78415881E-04
   20.7370472       1.48911713E-04
   20.7609959       2.61593610E-04
   20.7849464       1.66133002E-04
   20.8088951       4.14566202E-05
   20.8328438       3.46695515E-06
   20.8567924       4.08813576E-05
   20.8807430       6.77006483E-06
   20.9046917       3.60274025E-05
   20.9286404       9.19425802E-05
   20.9525909       1.37700656E-04
   20.9765396       3.35042787E-05
   21.0004883       3.61176390E-05
   21.0244370       2.54217139E-05
   21.0483875       9.72454145E-05
   21.0723362       1.57356422E-04
   21.0962849       1.49698870E-04
   21.1202335       8.28493066E-05
   21.1441841       3.54713193E-05
   21.1681328       1.69397281E-05
   21.1920815       4.11764304E-05
   21.2160301       3.81192513E-05
   21.2399807       8.83768516E-05
   21.2639294       1.17235788E-04
   21.2878780       9.00395244E-05
   21.3118267       7.87162062E-05
   21.3357773       1.22691737E-04
   21.3597260       6.49549838E-05
   21.3836746       2.83979771E-05
   21.4076233       2.63368815E-06
   21.4315739       3.54343047E-06
   21.4555225       1.14173718E-05
   21.4794712       3.10430478E-05
   21.5034218       6.15427634E-05
   21.5273705       1.62370088E-05
   21.5513191       2.27156543E-05
   21.5752678       2.92878431E-05
   21.5992184       1.67218735E-04
   21.6231670       3.46860732E-04
   21.6471157       3.15191108E-04
   21.6710644       2.80179229E-04
   21.6950150       1.73613502E-04
   21.7189636       1.41118537E-04
   21.7429123       1.28473635E-04
   21.7668610       3.08770759E-05
   21.7908115       2.99368776E-06
   21.8147602       5.64080001E-05
   21.8387089       5.36957195E-05
   21.8626575       6.19206767E-05
   21.8866081       8.92152675E-05
   21.9105568       1.33887195E-04
   21.9345055       2.03617717E-04
   21.9584541       1.63486955E-04
   21.9824047       6.32035299E-05
   22.0063534       5.45655494E-05
   22.0303020       7.29339590E-05
   22.0542526       5.27898665E-05
   22.0782013       9.00016166E-05
   22.1021500       3.56682795E-05
   22.1260986       1.76229278E-05
   22.1500492       2.40948903E-05
   22.1739979       7.16297800E-05
   22.1979465       1.42610937E-04
   22.2218952       1.47982893E-04
   22.2458458       1.12626512E-04
   22.2697945       8.36309700E-05
   22.2937431       1.28909844E-04
   22.3176918       2.48136639E-05
   22.3416424       5.32593003E-06
   22.3655910       7.20130492E-06
   22.3895397       1.41684732E-05
   22.4134884       4.33191999E-05
   22.4374390       9.14080447E-05
   22.4613876       8.24555318E-05
   22.4853363       6.68198627E-05
   22.5092869       7.24127167E-05
   22.5332355       4.14047099E-05
   22.5571842       5.94664343E-05
   22.5811329       7.44062272E-05
   22.6050835       1.09358836E-04
   22.6290321       8.46935582E-05
   22.6529808       2.08075053E-05
   22.6769295       5.51149833E-06
   22.7008801       1.34961228E-05
   22.7248287       3.66254972E-05
   22.7487774       1.02864578E-04
   22.7727261       2.46012292E-04
   22.7966766       3.10552539E-04
   22.8206253       2.20358954E-04
   22.8445740       8.52732192E-05
   22.8685226       6.37516277E-05
   22.8924732       5.38631648E-05
   22.9164219       1.49074576E-05
   22.9403706       7.31675573E-06
   22.9643192       1.12677481E-05
   22.9882698       4.57002898E-05
   23.0122185       1.12920556E-04
   23.0361671       8.12020808E-05
   23.0601177       5.53820792E-05
   23.0840664       1.01478574E-04
   23.1080151       1.84421966E-04
   23.1319637       1.74533052E-04
   23.1559143       1.49098749E-04
   23.1798630       1.66928265E-04
   23.2038116       4.01317011E-05
   23.2277603       8.95193807E-06
   23.2517109       1.37354045E-05
   23.2756596       3.59560363E-05
   23.2996082       2.15932014E-05
   23.3235569       2.57328102E-05
   23.3475075       3.92129223E-05
   23.3714561       3.73847579E-05
   23.3954048       6.30066324E-06
   23.4193535       4.22589483E-06
   23.4433041       8.37509288E-05
   23.4672527       5.31930491E-05
   23.4912014       9.03120308E-05
   23.5151520       4.89229897E-05
   23.5391006       4.53207322E-05
   23.5630493       5.84151057E-05
   23.5869980       1.40603252E-05
   23.6109486       3.78936238E-05
   23.6348972       2.09266102E-04
   23.6588459       1.72087428E-04
   23.6827946       1.34971604E-04
   23.7067451       2.24482676E-04
   23.7306938       2.85550021E-04
   23.7546425       2.15127628E-04
   23.7785912       1.34063157E-04
   23.8025417       4.68329818E-05
   23.8264904       6.08787059E-06
   23.8504391       9.52425944E-06
   23.8743877       7.10021050E-06
   23.8983383       1.31506422E-05
   23.9222870       2.59236040E-05
   23.9462357       1.90569135E-05
   23.9701843       2.03075415E-05
   23.9941349       1.87137975E-05
   24.0180836       9.03151595E-05
   24.0420322       1.56077207E-04
   24.0659828       1.78416522E-04
   24.0899315       6.57807686E-05
   24.1138802       3.80318306E-05
   24.1378288       3.34498400E-05
   24.1617794       4.44847092E-06
   24.1857281       4.67955724E-05
   24.2096767       1.14395632E-04
   24.2336254       1.36426708E-04
   24.2575760       5.97411199E-05
   24.2815247       1.14672875E-04
   24.3054733       1.20963712E-04
   24.3294220       5.07671721E-05
   24.3533726       6.36394543E-06
   24.3773212       3.23672721E-05
   24.4012699       7.85189259E-05
   24.4252186       1.43754442E-04
   24.4491692       1.30479180E-04
   24.4731178       4.65241392E-05
   24.4970665       5.21919173E-05
   24.5210171       4.50026491E-05
   24.5449657       1.09914894E-04
   24.5689144       1.93451953E-04
   24.5928631       2.94389582E-04
   24.6168137       3.75670148E-04
   24.6407623       2.37935557E-04
   24.6647110       5.41697918E-05
   24.6886597       2.68191761E-05
   24.7126102       7.10705426E-05
   24.7365589       2.69584616E-05
   24.7605076       1.02063132E-05
   24.7844563       4.13994640E-05
   24.8084068       6.50124857E-05
   24.8323555       7.58779133E-05
   24.8563042       1.02463258E-04
   24.8802528       8.48148993E-05
   24.9042034       2.23511233E-05
   24.9281521       6.06391586E-06
   24.9521008       1.88924298E-06
   24.9760494       3.38593782E-06
   25.0000000       1.67284270E-05
