  0.500000000       4.15795603E-06
  0.523949146       4.71944186E-05
  0.547898352       2.17552006E-04
  0.571847498       2.27735072E-04
  0.595796704       4.93585248E-04
  0.619745851       7.06780353E-04
  0.643694997       8.38532753E-04
  0.667644143       7.52878725E-04
  0.691593349       5.19923866E-04
  0.715542555       5.30950783E-04
  0.739491701       4.82172763E-04
  0.763440847       5.45289542E-04
  0.787389994       3.10888543E-04
  0.811339200       5.09475241E-04
  0.835288346       6.18640159E-04
  0.859237552       7.09612912E-04
  0.883186698       7.24428566E-04
  0.907135844       7.90342980E-04
  0.931085050       9.08008427E-04
  0.955034196       7.72755186E-04
  0.978983402       6.81538484E-04
   1.00293255       8.75621568E-04
   1.02688169       1.08236657E-03
   1.05083084       1.48333411E-03
   1.07477999       1.75478740E-03
   1.09872913       2.60000024E-03
   1.12267840       3.56738153E-03
   1.14662755       4.85963561E-03
   1.17057669       5.47732878E-03
   1.19452596       5.48186060E-03
   1.21847510       6.04915945E-03
   1.24242425       6.02223771E-03
   1.26637340       6.30167499E-03
   1.29032254       6.94714719E-03
   1.31427169       8.35168548E-03
   1.33822083       8.73945002E-03
   1.36217010       9.41352267E-03
   1.38611925       1.13977790E-02
   1.41006839       1.29599934E-02
   1.43401766       1.41124660E-02
   1.45796680       1.35508459E-02
   1.48191595       1.39211649E-02
   1.50586510       1.52141470E-02
   1.52981424       1.63411815E-02
   1.55376339       1.80286337E-02
   1.57771254       1.83494166E-02
   1.60166180       2.30912399E-02
   1.62561095       2.65931971E-02
   1.64956009       2.91035045E-02
   1.67350924       3.31542641E-02
   1.69745839       3.71242240E-02
   1.72140765       4.08612229E-02
   1.74535680       4.40652929E-02
   1.76930594       4.72437628E-02
   1.79325509       5.20138964E-02
   1.81720424       5.57899661E-02
   1.84115338       6.08694479E-02
   1.86510265       6.62032738E-02
   1.88905180       7.28138164E-02
   1.91300094       7.75887817E-02
   1.93695009       8.27080756E-02
   1.96089923       8.82531404E-02
   1.98484850       9.28870067E-02
   2.00879765       9.78913680E-02
   2.03274679      0.101083286    
   2.05669594      0.107000038    
   2.08064508      0.113901883    
   2.10459423      0.120909505    
   2.12854338      0.126998544    
   2.15249252      0.134730846    
   2.17644167      0.148617372    
   2.20039082      0.159289092    
   2.22434020      0.168983653    
   2.24828935      0.176223099    
   2.27223849      0.186943188    
   2.29618764      0.201072410    
   2.32013679      0.208548546    
   2.34408593      0.220748290    
   2.36803532      0.229815483    
   2.39198446      0.241296694    
   2.41593361      0.254458338    
   2.43988276      0.264512628    
   2.46383190      0.275636733    
   2.48778105      0.289417118    
   2.51173019      0.296302319    
   2.53567934      0.303219467    
   2.55962849      0.315430611    
   2.58357763      0.325644732    
   2.60752678      0.327823013    
   2.63147593      0.336091369    
   2.65542507      0.347089499    
   2.67937446      0.359328926    
   2.70332360      0.370740473    
   2.72727275      0.383273423    
   2.75122190      0.399730206    
   2.77517104      0.412036806    
   2.79912019      0.423747718    
   2.82306933      0.434382558    
   2.84701848      0.444294244    
   2.87096763      0.458613425    
   2.89491677      0.464605093    
   2.91886592      0.470430344    
   2.94281530      0.478724360    
   2.96676445      0.489861310    
   2.99071360      0.497616708    
   3.01466274      0.504952371    
   3.03861189      0.511685967    
   3.06256104      0.513068676    
   3.08651018      0.514126360    
   3.11045933      0.509255230    
   3.13440847      0.512760937    
   3.15835762      0.510453999    
   3.18230677      0.505886197    
   3.20625615      0.509629369    
   3.23020530      0.517244041    
   3.25415444      0.530412018    
   3.27810359      0.531551182    
   3.30205274      0.531851351    
   3.32600188      0.537573397    
   3.34995103      0.539068520    
   3.37390018      0.540597796    
   3.39784932      0.529991567    
   3.42179847      0.526182711    
   3.44574785      0.525114536    
   3.46969700      0.522700369    
   3.49364614      0.523634791    
   3.51759529      0.521849096    
   3.54154444      0.523819923    
   3.56549358      0.515692770    
   3.58944273      0.508299828    
   3.61339188      0.497473717    
   3.63734102      0.485351831    
   3.66129017      0.471841395    
   3.68523932      0.454543561    
   3.70918870      0.445047230    
   3.73313785      0.431781441    
   3.75708699      0.425240874    
   3.78103614      0.422102511    
   3.80498528      0.417376548    
   3.82893443      0.419124573    
   3.85288358      0.404684961    
   3.87683272      0.395998001    
   3.90078187      0.387868017    
   3.92473102      0.379372060    
   3.94868040      0.368495286    
   3.97262955      0.355420619    
   3.99657869      0.348873377    
   4.02052784      0.347368598    
   4.04447699      0.343526691    
   4.06842613      0.332418293    
   4.09237528      0.323327094    
   4.11632442      0.315609038    
   4.14027357      0.305719674    
   4.16422272      0.292008877    
   4.18817186      0.274354488    
   4.21212101      0.261245877    
   4.23607063      0.247370556    
   4.26001930      0.237309620    
   4.28396893      0.231997311    
   4.30791759      0.224354610    
   4.33186722      0.216620594    
   4.35581589      0.205216765    
   4.37976551      0.202283055    
   4.40371418      0.194506243    
   4.42766380      0.183520213    
   4.45161247      0.173285410    
   4.47556210      0.161744550    
   4.49951124      0.156195149    
   4.52346039      0.153373256    
   4.54740953      0.146727622    
   4.57135868      0.144304156    
   4.59530783      0.140595898    
   4.61925697      0.137452021    
   4.64320612      0.127775699    
   4.66715527      0.120488614    
   4.69110441      0.114296839    
   4.71505356      0.107240088    
   4.73900270       9.76830721E-02
   4.76295185       9.11265388E-02
   4.78690100       8.63720030E-02
   4.81085014       8.29206705E-02
   4.83479929       7.93060213E-02
   4.85874891       7.49506950E-02
   4.88269806       7.10548684E-02
   4.90664721       6.84636831E-02
   4.93059635       6.38800114E-02
   4.95454550       6.04218617E-02
   4.97849464       5.61197028E-02
   5.00244379       5.23788147E-02
   5.02639294       4.93975766E-02
   5.05034208       4.76042330E-02
   5.07429123       4.91768457E-02
   5.09824038       4.75730859E-02
   5.12218952       4.42281701E-02
   5.14613867       4.28212993E-02
   5.17008781       4.18263935E-02
   5.19403696       4.03187238E-02
   5.21798611       3.57448235E-02
   5.24193525       3.17920670E-02
   5.26588440       2.90848259E-02
   5.28983355       2.69670878E-02
   5.31378269       2.57406421E-02
   5.33773184       2.35831495E-02
   5.36168146       2.24962421E-02
   5.38563061       2.10539270E-02
   5.40957975       2.02292576E-02
   5.43352890       1.79347079E-02
   5.45747805       1.65301748E-02
   5.48142719       1.47922365E-02
   5.50537634       1.30683919E-02
   5.52932549       1.24056004E-02
   5.55327463       1.16798896E-02
   5.57722378       1.17725311E-02
   5.60117292       1.11747719E-02
   5.62512207       1.11290514E-02
   5.64907122       1.22379437E-02
   5.67302036       1.17322002E-02
   5.69696951       1.11512486E-02
   5.72091866       1.02751972E-02
   5.74486780       9.16781649E-03
   5.76881695       8.00935552E-03
   5.79276609       7.00592063E-03
   5.81671524       6.18231064E-03
   5.84066439       5.96261211E-03
   5.86461353       6.44397689E-03
   5.88856316       6.19207136E-03
   5.91251230       5.53572457E-03
   5.93646145       4.86398581E-03
   5.96041059       4.57002223E-03
   5.98435974       4.46844799E-03
   6.00830889       3.39336274E-03
   6.03225803       2.60985270E-03
   6.05620718       2.08635023E-03
   6.08015633       1.84817496E-03
   6.10410547       2.28741812E-03
   6.12805462       2.50635482E-03
   6.15200377       2.82871560E-03
   6.17595291       2.88760848E-03
   6.19990206       2.93578021E-03
   6.22385120       3.09743034E-03
   6.24780035       3.11534409E-03
   6.27174950       2.56172498E-03
   6.29569864       1.83511898E-03
   6.31964779       1.87054521E-03
   6.34359694       1.99326826E-03
   6.36754608       1.93865935E-03
   6.39149570       1.85128395E-03
   6.41544485       1.84006279E-03
   6.43939400       2.10916786E-03
   6.46334314       2.06729444E-03
   6.48729229       1.67992397E-03
   6.51124144       1.17446785E-03
   6.53519058       9.78133758E-04
   6.55913973       8.44934490E-04
   6.58308887       7.32963672E-04
   6.60703802       7.10274675E-04
   6.63098717       6.93306851E-04
   6.65493631       7.87916128E-04
   6.67888546       7.93653773E-04
   6.70283461       9.71319736E-04
   6.72678375       1.20489416E-03
   6.75073290       1.25660689E-03
   6.77468204       1.24502589E-03
   6.79863119       1.21341622E-03
   6.82258034       1.23000448E-03
   6.84652948       9.83826932E-04
   6.87047863       9.96783143E-04
   6.89442825       1.26866449E-03
   6.91837740       1.35858729E-03
   6.94232655       1.37178146E-03
   6.96627569       1.19843113E-03
   6.99022484       1.00243103E-03
   7.01417398       1.14740978E-03
   7.03812313       9.31324670E-04
   7.06207228       7.05248793E-04
   7.08602142       4.27704246E-04
   7.10997057       4.11994784E-04
   7.13391972       3.34794837E-04
   7.15786886       2.64507544E-04
   7.18181801       3.00439249E-04
   7.20576715       3.37850041E-04
   7.22971630       3.98295117E-04
   7.25366545       4.64461627E-04
   7.27761459       6.00400323E-04
   7.30156374       6.07960217E-04
   7.32551289       5.28160715E-04
   7.34946203       6.78134151E-04
   7.37341118       6.63477229E-04
   7.39736080       8.76896724E-04
   7.42130995       9.35504446E-04
   7.44525909       9.50046233E-04
   7.46920824       1.16367149E-03
   7.49315739       1.43756217E-03
   7.51710653       1.32385956E-03
   7.54105568       9.86250001E-04
   7.56500483       8.89307586E-04
   7.58895397       7.34680565E-04
   7.61290312       4.43969970E-04
   7.63685226       2.36763430E-04
   7.66080141       1.98982569E-04
   7.68475056       2.49977486E-04
   7.70869970       2.12246523E-04
   7.73264885       1.87307698E-04
   7.75659800       1.64664700E-04
   7.78054714       1.84611359E-04
   7.80449629       3.09840194E-04
   7.82844543       2.41938164E-04
   7.85239458       3.11005628E-04
   7.87634373       3.45170934E-04
   7.90029287       3.23224638E-04
   7.92424250       3.26932670E-04
   7.94819164       4.00332181E-04
   7.97214079       5.95364370E-04
   7.99608994       6.57060358E-04
   8.02003860       7.18048192E-04
   8.04398823       9.81401070E-04
   8.06793785       1.13148242E-03
   8.09188652       1.13173062E-03
   8.11583519       8.51860445E-04
   8.13978481       6.07466092E-04
   8.16373444       3.67655040E-04
   8.18768311       3.18681996E-04
   8.21163177       2.40979396E-04
   8.23558140       2.10322818E-04
   8.25953102       2.57694483E-04
   8.28347969       1.12508787E-04
   8.30742836       9.01578533E-05
   8.33137798       9.55497089E-05
   8.35532761       1.90730090E-04
   8.37927628       1.40886725E-04
   8.40322495       6.58488061E-05
   8.42717552       8.12441431E-05
   8.45112419       1.43247016E-04
   8.47507286       2.22861185E-04
   8.49902248       2.10928411E-04
   8.52297115       2.79549742E-04
   8.54692078       4.43713827E-04
   8.57086945       4.89629339E-04
   8.59481907       6.19436323E-04
   8.61876774       5.18199580E-04
   8.64271736       5.27884054E-04
   8.66666603       3.23748449E-04
   8.69061565       1.51223125E-04
   8.71456528       1.11575137E-04
   8.73851395       9.00396117E-05
   8.76246357       1.79825511E-04
   8.78641224       1.94022301E-04
   8.81036186       1.96028122E-04
   8.83431053       1.89160812E-04
   8.85826015       1.22475525E-04
   8.88220882       9.69376633E-05
   8.90615845       1.95427720E-06
   8.93010712       1.10989859E-05
   8.95405674       6.50773836E-06
   8.97800541       6.21350273E-06
   9.00195503       2.50989033E-05
   9.02590370       7.93317449E-05
   9.04985332       1.45759448E-04
   9.07380199       1.25337945E-04
   9.09775162       2.29914251E-04
   9.12170029       3.42911138E-04
   9.14564991       3.16391408E-04
   9.16959858       2.37111264E-04
   9.19354820       1.58577357E-04
   9.21749783       1.57433315E-04
   9.24144650       1.30813190E-04
   9.26539612       1.29210297E-04
   9.28934479       8.46250623E-05
   9.31329441       7.53701170E-05
   9.33724308       9.04679619E-05
   9.36119270       6.84889455E-05
   9.38514137       3.97416152E-05
   9.40909100       2.35082880E-05
   9.43303967       2.43079121E-05
   9.45698929       1.93834949E-05
   9.48093796       6.67715285E-05
   9.50488758       1.07250060E-04
   9.52883625       1.42464109E-04
   9.55278587       1.43295270E-04
   9.57673454       1.07688640E-04
   9.60068417       7.63001153E-05
   9.62463284       2.56794938E-05
   9.64858246       1.60329728E-05
   9.67253113       3.39153667E-05
   9.69648075       9.64252376E-06
   9.72043037       6.50673883E-06
   9.74437904       2.82557394E-05
   9.76832867       6.27646568E-06
   9.79227734       2.74788763E-05
   9.81622696       9.50146641E-05
   9.84017563       1.28960412E-04
   9.86412525       5.20203175E-05
   9.88807392       6.10980787E-05
   9.91202354       5.11647522E-05
   9.93597221       4.01607249E-05
   9.95992184       4.51230017E-06
   9.98387051       2.81191187E-05
   10.0078201       3.07514456E-05
   10.0317688       1.70561834E-04
   10.0557184       3.17601982E-04
   10.0796671       3.14986100E-04
   10.1036167       2.12055253E-04
   10.1275654       6.23016385E-05
   10.1515150       3.05512403E-05
   10.1754637       3.06056681E-05
   10.1994133       1.55857560E-05
   10.2233629       2.12575196E-05
   10.2473116       2.75459442E-05
   10.2712612       3.27403395E-05
   10.2952099       1.68592342E-05
   10.3191595       1.95182711E-05
   10.3431082       1.71325519E-05
   10.3670578       2.44480689E-05
   10.3910065       1.06464548E-04
   10.4149561       1.43162266E-04
   10.4389048       5.00604692E-05
   10.4628544       4.62422140E-05
   10.4868031       1.36671403E-07
   10.5107527       6.53182451E-06
   10.5347013       3.78425902E-05
   10.5586510       1.14385846E-04
   10.5825996       1.42973600E-04
   10.6065493       2.67275987E-04
   10.6304979       1.84273609E-04
   10.6544476       1.81478157E-04
   10.6783962       1.31760229E-04
   10.7023458       2.19133508E-05
   10.7262955       3.60738995E-05
   10.7502441       4.47120401E-05
   10.7741938       2.41792204E-05
   10.7981424       1.89460980E-06
   10.8220921       3.74561500E-06
   10.8460407       9.36604829E-06
   10.8699903       6.19087878E-05
   10.8939390       9.50750109E-05
   10.9178886       1.41525219E-04
   10.9418373       1.38541058E-04
   10.9657869       1.13352260E-04
   10.9897356       8.20199566E-05
   11.0136852       7.06884093E-05
   11.0376339       5.42247799E-05
   11.0615835       3.33403568E-06
   11.0855322       3.48805224E-05
   11.1094818       5.14788881E-05
   11.1334305       6.07063921E-05
   11.1573801       4.43500685E-05
   11.1813288       3.54056829E-05
   11.2052784       1.50040560E-05
   11.2292271       8.77543935E-05
   11.2531767       6.54225005E-05
   11.2771263       4.14307942E-05
   11.3010750       4.07343723E-05
   11.3250246       6.05245405E-05
   11.3489733       9.81735793E-05
   11.3729229       5.63092908E-05
   11.3968716       2.14031352E-05
   11.4208212       4.54869951E-06
   11.4447699       1.84549754E-05
   11.4687195       7.41612239E-05
   11.4926682       1.33100853E-04
   11.5166178       1.47646206E-04
   11.5405664       1.11629481E-04
   11.5645161       8.95982521E-05
   11.5884647       1.06371401E-04
   11.6124144       2.73942132E-05
   11.6363630       1.01111118E-06
   11.6603127       8.63141304E-06
   11.6842613       4.84761949E-06
   11.7082109       1.12859707E-05
   11.7321596       1.92092557E-05
   11.7561092       7.78242065E-06
   11.7800589       2.86934373E-05
   11.8040075       1.21200879E-04
   11.8279572       1.39563781E-04
   11.8519058       1.89607454E-04
   11.8758554       1.18058444E-04
   11.8998041       1.87811645E-04
   11.9237537       1.39658106E-04
   11.9477024       5.63792382E-05
   11.9716520       5.79043308E-06
   11.9956007       7.39273815E-08
   12.0195503       4.97570363E-06
   12.0434990       5.82712055E-05
   12.0674486       1.22549885E-04
   12.0913973       9.36075667E-05
   12.1153469       3.47079076E-05
   12.1392956       2.22987692E-05
   12.1632452       3.31063056E-05
   12.1871939       2.90559547E-05
   12.2111435       5.79351672E-06
   12.2350922       2.65892068E-05
   12.2590418       2.09766586E-05
   12.2829914       1.04955288E-05
   12.3069401       1.02599115E-05
   12.3308897       1.96961464E-05
   12.3548384       2.55390187E-05
   12.3787880       2.04693351E-05
   12.4027367       8.53751844E-05
   12.4266863       1.45490456E-04
   12.4506350       2.39508954E-04
   12.4745846       2.34783452E-04
   12.4985332       1.20013225E-04
   12.5224829       9.28696463E-05
   12.5464315       2.81059365E-05
   12.5703812       8.69949508E-06
   12.5943298       4.63943434E-06
   12.6182795       1.59875945E-05
   12.6422281       7.19465170E-05
   12.6661777       1.35286828E-04
   12.6901264       4.21741679E-05
   12.7140760       4.38573479E-05
   12.7380247       1.04212966E-04
   12.7619743       1.19549921E-04
   12.7859240       1.17910509E-04
   12.8098726       6.55286567E-05
   12.8338223       4.66134661E-05
   12.8577709       6.28181806E-05
   12.8817205       4.15697650E-05
   12.9056692       8.40786561E-06
   12.9296188       3.35827863E-05
   12.9535675       3.62576757E-05
   12.9775171       1.08724445E-04
   13.0014658       1.83198368E-04
   13.0254154       1.75723617E-04
   13.0493641       1.20995741E-04
   13.0733137       4.37288509E-05
   13.0972624       2.49257955E-05
   13.1212120       7.54282928E-06
   13.1451607       5.38477070E-05
   13.1691103       8.92931203E-05
   13.1930590       8.10633064E-05
   13.2170086       3.98714947E-05
   13.2409573       3.26942900E-05
   13.2649069       2.50447047E-05
   13.2888565       4.83453914E-05
   13.3128052       2.70354067E-05
   13.3367548       8.21034191E-05
   13.3607035       4.71226813E-05
   13.3846531       4.68496946E-05
   13.4086018       6.64550389E-05
   13.4325514       6.11684954E-05
   13.4565001       2.88486499E-05
   13.4804497       4.07838234E-05
   13.5043983       1.29540815E-04
   13.5283480       6.98421209E-05
   13.5522966       1.36055969E-04
   13.5762463       1.69558334E-04
   13.6001949       2.00814451E-04
   13.6241446       7.84508666E-05
   13.6480932       2.29435154E-05
   13.6720428       1.91632971E-05
   13.6959915       4.55438976E-06
   13.7199411       5.07517052E-06
   13.7438898       3.62815831E-06
   13.7678394       1.17100108E-05
   13.7917891       4.25495182E-06
   13.8157377       1.94923905E-05
   13.8396873       6.45536493E-05
   13.8636360       1.08787463E-04
   13.8875856       1.15898336E-04
   13.9115343       3.22225329E-04
   13.9354839       2.76474573E-04
   13.9594326       1.14055998E-04
   13.9833822       4.95531240E-05
   14.0073309       1.05827321E-05
   14.0312805       5.03507954E-06
   14.0552292       2.75588809E-05
   14.0791788       3.48754911E-05
   14.1031275       2.55720915E-05
   14.1270771       3.03175402E-05
   14.1510258       2.15383461E-05
   14.1749754       2.04728512E-05
   14.1989241       1.69587693E-05
   14.2228737       1.03524100E-04
   14.2468224       1.13280075E-04
   14.2707720       1.91701489E-04
   14.2947216       1.17430340E-04
   14.3186703       4.09877211E-05
   14.3426199       5.41748377E-05
   14.3665686       1.39503172E-05
   14.3905182       1.04558530E-05
   14.4144669       3.58373291E-05
   14.4384165       4.95813110E-05
   14.4623652       8.95292251E-05
   14.4863148       1.81041556E-04
   14.5102634       3.21757398E-05
   14.5342131       2.84003036E-05
   14.5581617       1.93598635E-06
   14.5821114       8.30956378E-06
   14.6060600       1.54864465E-05
   14.6300097       4.98580412E-05
   14.6539583       5.91305070E-05
   14.6779079       1.63747136E-05
   14.7018566       1.05480576E-05
   14.7258062       8.08660661E-06
   14.7497549       4.77669892E-05
   14.7737045       5.82918801E-05
   14.7976532       1.06336462E-04
   14.8216028       1.50102744E-04
   14.8455524       1.68034618E-04
   14.8695011       1.12386166E-04
   14.8934507       9.70740584E-05
   14.9173994       2.79064243E-05
   14.9413490       1.43223974E-06
   14.9652977       3.22399283E-05
   14.9892473       1.49423548E-04
   15.0131960       1.39023439E-04
   15.0371456       1.46857099E-04
   15.0610943       1.07428037E-04
   15.0850439       9.61680707E-05
   15.1089926       3.80855090E-05
   15.1329422       1.23381305E-05
   15.1568909       4.25266480E-05
   15.1808405       4.03194499E-05
   15.2047892       3.04861514E-05
   15.2287388       3.42297790E-05
   15.2526875       2.23374245E-05
   15.2766371       3.01204345E-05
   15.3005857       3.30306430E-05
   15.3245354       6.38291967E-05
   15.3484850       9.63317652E-05
   15.3724337       1.17005213E-04
   15.3963833       1.12790563E-04
   15.4203320       2.53856560E-04
   15.4442816       9.42317856E-05
   15.4682302       1.87152236E-05
   15.4921799       9.05544766E-06
   15.5161285       1.26302439E-05
   15.5400782       2.79177530E-05
   15.5640268       1.38874657E-05
   15.5879765       3.52981078E-05
   15.6119251       4.26531078E-05
   15.6358747       2.55190353E-05
   15.6598234       4.37624549E-05
   15.6837730       5.20658759E-05
   15.7077217       6.78797296E-05
   15.7316713       1.04921208E-04
   15.7556200       1.10080597E-04
   15.7795696       1.01040598E-04
   15.8035183       1.97050358E-05
   15.8274679       1.74476190E-05
   15.8514175       4.19533317E-05
   15.8753662       2.94794081E-05
   15.8993158       4.77344583E-05
   15.9232645       8.39421555E-05
   15.9472141       4.42318815E-05
   15.9711628       1.05596118E-04
   15.9951124       3.54020485E-05
   16.0190620       2.19603662E-05
   16.0430107       1.29646869E-05
   16.0669594       1.68741171E-05
   16.0909081       2.72248235E-05
   16.1148567       4.17812817E-06
   16.1388073       3.38703239E-06
   16.1627560       1.91088111E-06
   16.1867065       6.71670432E-06
   16.2106552       2.47813459E-05
   16.2346039       6.06499780E-05
   16.2585526       9.03892578E-05
   16.2825012       7.83280775E-05
   16.3064499       1.67413236E-04
   16.3304005       1.76943926E-04
   16.3543510       6.28185808E-05
   16.3782997       6.01783404E-06
   16.4022484       3.32497689E-06
   16.4261971       1.28335960E-05
   16.4501457       6.52278468E-05
   16.4740944       1.57331611E-04
   16.4980450       1.50178341E-04
   16.5219936       3.90816058E-05
   16.5459423       1.53682668E-05
   16.5698929       1.98699636E-05
   16.5938416       4.89742924E-05
   16.6177902       2.21514656E-05
   16.6417389       3.59049227E-05
   16.6656895       7.46885707E-05
   16.6896381       2.22531944E-05
   16.7135868       1.90088522E-05
   16.7375355       1.98728253E-06
   16.7614861       4.13757220E-07
   16.7854347       2.61160621E-05
   16.8093834       1.08115571E-04
   16.8333321       8.35798783E-05
   16.8572826       1.27932697E-04
   16.8812313       1.22701676E-04
   16.9051800       1.34257250E-04
   16.9291306       1.03989609E-04
   16.9530792       4.60999872E-05
   16.9770279       3.62448955E-05
   17.0009766       1.34347792E-05
   17.0249271       1.14289887E-05
   17.0488758       3.69662448E-05
   17.0728245       1.83386437E-05
   17.0967731       6.62598495E-06
   17.1207237       2.47712478E-06
   17.1446724       1.99069709E-05
   17.1686211       6.70462323E-05
   17.1925697       3.53383439E-05
   17.2165203       3.85132953E-05
   17.2404690       3.73819930E-05
   17.2644176       5.03858064E-05
   17.2883663       7.79308612E-05
   17.3123169       1.66952395E-05
   17.3362656       2.12171039E-06
   17.3602142       1.85547142E-05
   17.3841648       5.43814385E-05
   17.4081135       6.54935648E-05
   17.4320621       7.22843979E-05
   17.4560108       8.02918657E-05
   17.4799614       1.23904028E-04
   17.5039101       4.82456853E-05
   17.5278587       2.58258387E-05
   17.5518074       2.79424730E-05
   17.5757580       1.03459561E-05
   17.5997066       2.57891897E-05
   17.6236553       2.70705041E-05
   17.6476040       3.51382296E-05
   17.6715546       2.09708160E-05
   17.6955032       1.97158406E-05
   17.7194519       3.90736677E-05
   17.7434006       2.24023115E-05
   17.7673512       4.93301195E-05
   17.7912998       7.43416822E-05
   17.8152485       9.26010107E-05
   17.8391972       1.26454077E-04
   17.8631477       2.85594706E-05
   17.8870964       3.16463252E-06
   17.9110451       4.91716401E-06
   17.9349957       1.13535643E-04
   17.9589443       1.40026081E-04
   17.9828930       2.11026665E-04
   18.0068417       2.35044252E-04
   18.0307922       1.85291443E-04
   18.0547409       1.09814828E-04
   18.0786896       5.59486325E-05
   18.1026382       3.72758368E-05
   18.1265888       3.42733874E-05
   18.1505375       5.73004654E-05
   18.1744862       2.41623384E-05
   18.1984348       1.47036499E-05
   18.2223854       1.07326139E-06
   18.2463341       2.08149559E-05
   18.2702827       1.14698023E-05
   18.2942314       1.15372095E-04
   18.3181820       2.13938125E-04
   18.3421307       1.94894834E-04
   18.3660793       1.16446186E-04
   18.3900299       1.03553182E-04
   18.4139786       6.15989411E-05
   18.4379272       1.80006518E-05
   18.4618759       5.45007379E-06
   18.4858265       2.28411191E-05
   18.5097752       1.75190435E-05
   18.5337238       7.39874565E-07
   18.5576725       3.39976009E-06
   18.5816231       1.71075517E-05
   18.6055717       3.03113393E-05
   18.6295204       6.65193365E-05
   18.6534691       4.49860818E-05
   18.6774197       3.01460750E-05
   18.7013683       2.98084597E-05
   18.7253170       4.52918175E-05
   18.7492657       8.26620962E-05
   18.7732162       6.85076375E-05
   18.7971649       3.97627400E-06
   18.8211136       1.58666035E-06
   18.8450623       4.54751353E-05
   18.8690128       2.41062487E-04
   18.8929615       2.08687241E-04
   18.9169102       2.29821861E-04
   18.9408607       8.95464109E-05
   18.9648094       3.05092726E-05
   18.9887581       3.30089788E-05
   19.0127068       2.01698713E-05
   19.0366573       1.46197708E-05
   19.0606060       4.87810757E-05
   19.0845547       4.53334505E-05
   19.1085033       3.40172446E-05
   19.1324539       4.80042445E-06
   19.1564026       1.59505089E-06
   19.1803513       3.14793251E-05
   19.2042999       4.91072751E-05
   19.2282505       1.02567312E-04
   19.2521992       1.18847689E-04
   19.2761478       1.59157527E-04
   19.3000965       1.44256352E-04
   19.3240471       4.56511407E-05
   19.3479958       1.87143778E-05
   19.3719444       3.88005446E-06
   19.3958931       2.99810563E-06
   19.4198437       1.55731977E-05
   19.4437923       2.51742185E-05
   19.4677410       4.62321696E-05
   19.4916916       5.27663833E-05
   19.5156403       2.01557668E-05
   19.5395889       1.09837769E-04
   19.5635376       1.13791000E-04
   19.5874882       1.05116349E-04
   19.6114368       1.31623892E-04
   19.6353855       1.19146302E-04
   19.6593342       1.47989311E-04
   19.6832848       1.75878522E-05
   19.7072334       6.34867820E-06
   19.7311821       2.02902083E-05
   19.7551308       3.22272026E-05
   19.7790813       5.06761207E-05
   19.8030300       1.94737338E-04
   19.8269787       1.84352029E-04
   19.8509274       1.49766696E-04
   19.8748779       5.87002796E-05
   19.8988266       4.22368248E-05
   19.9227753       2.97914830E-05
   19.9467258       1.21337762E-05
   19.9706745       1.50526603E-05
   19.9946232       1.82645217E-05
   20.0185719       1.36042700E-05
   20.0425224       1.56053447E-05
   20.0664711       1.99786155E-05
   20.0904198       1.78290702E-05
   20.1143684       7.59426039E-05
   20.1383190       1.54189926E-04
   20.1622677       1.44920763E-04
   20.1862164       1.07673928E-04
   20.2101650       6.36845070E-05
   20.2341156       7.28283558E-05
   20.2580643       6.93095644E-05
   20.2820129       1.18034241E-05
   20.3059616       2.28637400E-05
   20.3299122       3.60721606E-05
   20.3538609       4.82151299E-05
   20.3778095       2.59461449E-05
   20.4017582       2.38322118E-05
   20.4257088       1.57648283E-05
   20.4496574       4.23402962E-05
   20.4736061       1.30872970E-04
   20.4975567       1.00974808E-04
   20.5215054       6.20113788E-05
   20.5454540       5.93178047E-05
   20.5694027       6.23590313E-05
   20.5933533       7.80081900E-05
   20.6173019       1.14853920E-05
   20.6412506       5.12573251E-06
   20.6651993       2.38238972E-05
   20.6891499       1.20350287E-05
   20.7130985       4.01067373E-05
   20.7370472       1.41301527E-04
   20.7609959       8.23181908E-05
   20.7849464       5.19737951E-05
   20.8088951       3.02059616E-05
   20.8328438       2.00779796E-05
   20.8567924       1.48998322E-06
   20.8807430       2.21198989E-05
   20.9046917       6.08576920E-05
   20.9286404       2.71683202E-05
   20.9525909       9.10371546E-06
   20.9765396       4.13599118E-05
   21.0004883       6.46499302E-06
   21.0244370       1.69540999E-05
   21.0483875       4.81223469E-05
   21.0723362       7.24814163E-05
   21.0962849       6.46737026E-05
   21.1202335       3.45822664E-05
   21.1441841       3.53686846E-05
   21.1681328       2.97400948E-05
   21.1920815       3.81096788E-06
   21.2160301       1.39789781E-05
   21.2399807       2.67973464E-05
   21.2639294       3.09240422E-05
   21.2878780       1.50825581E-04
   21.3118267       1.87985934E-04
   21.3357773       6.90875167E-05
   21.3597260       4.34284448E-05
   21.3836746       4.04022358E-05
   21.4076233       5.04503478E-05
   21.4315739       1.68890947E-05
   21.4555225       2.04598055E-05
   21.4794712       2.89170639E-05
   21.5034218       3.14201361E-06
   21.5273705       1.17945428E-05
   21.5513191       4.11072288E-05
   21.5752678       1.96770452E-05
   21.5992184       5.38236491E-05
   21.6231670       1.03478422E-04
   21.6471157       1.92281528E-04
   21.6710644       2.24827469E-04
   21.6950150       1.47080907E-04
   21.7189636       9.42953848E-05
   21.7429123       1.84628079E-05
   21.7668610       4.02579735E-06
   21.7908115       9.61663773E-06
   21.8147602       3.59434016E-05
   21.8387089       8.20174537E-05
   21.8626575       2.02104915E-04
   21.8866081       1.85596684E-04
   21.9105568       1.95217581E-04
   21.9345055       1.53153422E-04
   21.9584541       1.00411438E-04
   21.9824047       1.19555494E-04
   22.0063534       1.02971404E-04
   22.0303020       4.96217872E-05
   22.0542526       2.15956534E-05
   22.0782013       4.97232650E-05
   22.1021500       2.75476759E-05
   22.1260986       4.96232951E-06
   22.1500492       2.97580669E-07
   22.1739979       1.52016764E-05
   22.1979465       3.66587301E-06
   22.2218952       4.42104538E-05
   22.2458458       5.62735695E-05
   22.2697945       6.50184156E-05
   22.2937431       6.11461364E-05
   22.3176918       3.39778708E-05
   22.3416424       1.06762673E-05
   22.3655910       5.57970310E-08
   22.3895397       1.87358455E-05
   22.4134884       2.14533356E-05
   22.4374390       2.66973420E-05
   22.4613876       2.24416017E-05
   22.4853363       6.73963659E-05
   22.5092869       3.44514920E-05
   22.5332355       4.44575162E-05
   22.5571842       6.87337233E-05
   22.5811329       9.15626588E-05
   22.6050835       4.93433108E-05
   22.6290321       4.35413131E-05
   22.6529808       4.12836016E-05
   22.6769295       8.05415038E-06
   22.7008801       5.47774425E-06
   22.7248287       1.22449172E-04
   22.7487774       8.61823355E-05
   22.7727261       6.48999558E-05
   22.7966766       1.43143043E-04
   22.8206253       1.58888637E-04
   22.8445740       1.21455669E-04
   22.8685226       3.02196022E-05
   22.8924732       3.89437264E-05
   22.9164219       5.63046451E-05
   22.9403706       1.98485850E-05
   22.9643192       2.23045699E-05
   22.9882698       2.07605372E-05
   23.0122185       1.95637658E-05
   23.0361671       5.55467523E-06
   23.0601177       4.72903921E-05
   23.0840664       3.91849280E-05
   23.1080151       2.86688191E-05
   23.1319637       6.18001941E-05
   23.1559143       1.40148157E-04
   23.1798630       4.21315708E-05
   23.2038116       3.81715436E-05
   23.2277603       2.65830022E-05
   23.2517109       3.04789774E-06
   23.2756596       2.01927323E-05
   23.2996082       9.16819117E-05
   23.3235569       9.69845714E-05
   23.3475075       1.10996050E-04
   23.3714561       7.21574979E-05
   23.3954048       1.90821247E-05
   23.4193535       7.49742467E-05
   23.4433041       2.15482105E-05
   23.4672527       3.56547826E-05
   23.4912014       4.19301432E-05
   23.5151520       7.21062825E-05
   23.5391006       4.82879623E-05
   23.5630493       7.24877318E-05
   23.5869980       4.59892181E-05
   23.6109486       3.92989205E-05
   23.6348972       6.58577919E-05
   23.6588459       1.34392671E-04
   23.6827946       2.14976957E-04
   23.7067451       1.93281478E-04
   23.7306938       1.78930844E-04
   23.7546425       7.23055127E-05
   23.7785912       3.89286615E-05
   23.8025417       7.82784326E-08
   23.8264904       2.84839098E-05
   23.8504391       9.01081439E-05
   23.8743877       1.71126507E-04
   23.8983383       4.03963095E-05
   23.9222870       1.78550363E-05
   23.9462357       2.20923903E-06
   23.9701843       2.36847118E-05
   23.9941349       9.64043138E-05
   24.0180836       8.18155386E-05
   24.0420322       1.04686878E-04
   24.0659828       1.68538085E-04
   24.0899315       2.04934709E-04
   24.1138802       1.49304600E-04
   24.1378288       5.36947082E-05
   24.1617794       2.16151511E-06
   24.1857281       6.70814927E-07
   24.2096767       2.74812919E-05
   24.2336254       1.07670872E-04
   24.2575760       1.19896278E-04
   24.2815247       1.14931208E-04
   24.3054733       8.65138936E-05
   24.3294220       4.88389160E-05
   24.3533726       4.03179693E-05
   24.3773212       4.23192944E-07
   24.4012699       1.94190015E-05
   24.4252186       5.15247448E-05
   24.4491692       5.79579209E-05
   24.4731178       2.28800991E-06
   24.4970665       5.69353324E-06
   24.5210171       1.02483264E-05
   24.5449657       7.36817310E-05
   24.5689144       1.53891553E-04
   24.5928631       3.04739457E-04
   24.6168137       2.73506710E-04
   24.6407623       1.79583629E-04
   24.6647110       1.87825848E-04
   24.6886597       8.94254990E-05
   24.7126102       3.36759040E-05
   24.7365589       4.68881371E-05
   24.7605076       7.35498033E-05
   24.7844563       9.77561431E-05
   24.8084068       4.81887328E-05
   24.8323555       6.74920229E-05
   24.8563042       2.36006235E-05
   24.8802528       6.80477706E-06
   24.9042034       3.43470128E-06
   24.9281521       3.85808249E-07
   24.9521008       5.15218517E-06
   24.9760494       8.68475126E-06
   25.0000000       3.75383161E-06
