  0.500000000       6.86961575E-05
  0.523949146       2.13962601E-04
  0.547898352       2.46501819E-04
  0.571847498       3.21405096E-04
  0.595796704       3.68287205E-04
  0.619745851       3.11467389E-04
  0.643694997       3.27987975E-04
  0.667644143       3.70959489E-04
  0.691593349       5.54113416E-04
  0.715542555       6.67874294E-04
  0.739491701       8.11634003E-04
  0.763440847       8.77721817E-04
  0.787389994       1.03445910E-03
  0.811339200       1.17967732E-03
  0.835288346       1.11287844E-03
  0.859237552       1.16177590E-03
  0.883186698       1.08178810E-03
  0.907135844       1.24519621E-03
  0.931085050       1.35039364E-03
  0.955034196       1.67015381E-03
  0.978983402       1.79168140E-03
   1.00293255       2.26159650E-03
   1.02688169       2.82353582E-03
   1.05083084       3.53876478E-03
   1.07477999       4.16640285E-03
   1.09872913       4.85848542E-03
   1.12267840       4.94071934E-03
   1.14662755       5.29853906E-03
   1.17057669       5.37785189E-03
   1.19452596       6.94780517E-03
   1.21847510       7.55995419E-03
   1.24242425       9.04468819E-03
   1.26637340       1.06719276E-02
   1.29032254       1.23346439E-02
   1.31427169       1.39183924E-02
   1.33822083       1.46519579E-02
   1.36217010       1.53701697E-02
   1.38611925       1.51997516E-02
   1.41006839       1.55042689E-02
   1.43401766       1.70925725E-02
   1.45796680       1.83955748E-02
   1.48191595       2.06191875E-02
   1.50586510       2.34331600E-02
   1.52981424       2.70290058E-02
   1.55376339       3.05213146E-02
   1.57771254       3.48709077E-02
   1.60166180       3.90486121E-02
   1.62561095       4.16253991E-02
   1.64956009       4.51167747E-02
   1.67350924       4.83634248E-02
   1.69745839       5.20883016E-02
   1.72140765       5.59239164E-02
   1.74535680       6.17222339E-02
   1.76930594       6.69254735E-02
   1.79325509       7.23867342E-02
   1.81720424       7.75337815E-02
   1.84115338       8.41038525E-02
   1.86510265       8.99926797E-02
   1.88905180       9.52321887E-02
   1.91300094       9.99998152E-02
   1.93695009      0.104595229    
   1.96089923      0.109812900    
   1.98484850      0.118429735    
   2.00879765      0.124101363    
   2.03274679      0.130828887    
   2.05669594      0.136630744    
   2.08064508      0.145715967    
   2.10459423      0.155067980    
   2.12854338      0.162396491    
   2.15249252      0.172137797    
   2.17644167      0.179810926    
   2.20039082      0.189223051    
   2.22434020      0.201181710    
   2.24828935      0.211022958    
   2.27223849      0.221410096    
   2.29618764      0.233016357    
   2.32013679      0.246433973    
   2.34408593      0.259398371    
   2.36803532      0.270771712    
   2.39198446      0.284799933    
   2.41593361      0.296452731    
   2.43988276      0.305128932    
   2.46383190      0.315964550    
   2.48778105      0.323388249    
   2.51173019      0.327662975    
   2.53567934      0.336759686    
   2.55962849      0.348732620    
   2.58357763      0.359174401    
   2.60752678      0.370161623    
   2.63147593      0.381988794    
   2.65542507      0.392312497    
   2.67937446      0.403854489    
   2.70332360      0.411957860    
   2.72727275      0.418664277    
   2.75122190      0.424936831    
   2.77517104      0.437845409    
   2.79912019      0.449205250    
   2.82306933      0.454422176    
   2.84701848      0.463833481    
   2.87096763      0.470264733    
   2.89491677      0.483253956    
   2.91886592      0.494416356    
   2.94281530      0.502468050    
   2.96676445      0.507019579    
   2.99071360      0.506399989    
   3.01466274      0.511003077    
   3.03861189      0.514611363    
   3.06256104      0.516761184    
   3.08651018      0.517226100    
   3.11045933      0.515474081    
   3.13440847      0.518670201    
   3.15835762      0.520181656    
   3.18230677      0.524482429    
   3.20625615      0.523702621    
   3.23020530      0.522176266    
   3.25415444      0.521208286    
   3.27810359      0.519369543    
   3.30205274      0.515913010    
   3.32600188      0.513156712    
   3.34995103      0.515892506    
   3.37390018      0.516927242    
   3.39784932      0.516743243    
   3.42179847      0.518670380    
   3.44574785      0.518966436    
   3.46969700      0.519192338    
   3.49364614      0.512780786    
   3.51759529      0.506148338    
   3.54154444      0.495292813    
   3.56549358      0.483979940    
   3.58944273      0.475460678    
   3.61339188      0.463830829    
   3.63734102      0.457188427    
   3.66129017      0.449303329    
   3.68523932      0.441310585    
   3.70918870      0.436990291    
   3.73313785      0.432722270    
   3.75708699      0.422694832    
   3.78103614      0.407150507    
   3.80498528      0.396417081    
   3.82893443      0.385373056    
   3.85288358      0.372466058    
   3.87683272      0.361532629    
   3.90078187      0.351675868    
   3.92473102      0.349023998    
   3.94868040      0.346470475    
   3.97262955      0.340839148    
   3.99657869      0.329309702    
   4.02052784      0.318869352    
   4.04447699      0.310409069    
   4.06842613      0.299936563    
   4.09237528      0.288694918    
   4.11632442      0.274485707    
   4.14027357      0.260197788    
   4.16422272      0.250428796    
   4.18817186      0.245015576    
   4.21212101      0.238099396    
   4.23607063      0.229266524    
   4.26001930      0.218524188    
   4.28396893      0.206707582    
   4.30791759      0.199223012    
   4.33186722      0.189682081    
   4.35581589      0.180032179    
   4.37976551      0.170874596    
   4.40371418      0.162783891    
   4.42766380      0.159104645    
   4.45161247      0.150475234    
   4.47556210      0.145228133    
   4.49951124      0.142676964    
   4.52346039      0.137742281    
   4.54740953      0.130904168    
   4.57135868      0.123137169    
   4.59530783      0.116680846    
   4.61925697      0.110146858    
   4.64320612      0.102310494    
   4.66715527       9.68503803E-02
   4.69110441       9.12576318E-02
   4.71505356       8.89180377E-02
   4.73900270       8.55274349E-02
   4.76295185       8.13891888E-02
   4.78690100       7.63487667E-02
   4.81085014       7.22416639E-02
   4.83479929       6.63750470E-02
   4.85874891       6.10299371E-02
   4.88269806       5.67107163E-02
   4.90664721       5.28568514E-02
   4.93059635       4.79965732E-02
   4.95454550       4.45701182E-02
   4.97849464       4.40250710E-02
   5.00244379       4.42347974E-02
   5.02639294       4.09760550E-02
   5.05034208       3.87383699E-02
   5.07429123       3.59533206E-02
   5.09824038       3.45854126E-02
   5.12218952       3.26575562E-02
   5.14613867       2.94902641E-02
   5.17008781       2.64786296E-02
   5.19403696       2.49688085E-02
   5.21798611       2.40688138E-02
   5.24193525       2.28962358E-02
   5.26588440       2.11665668E-02
   5.28983355       1.98018234E-02
   5.31378269       1.73915215E-02
   5.33773184       1.56675838E-02
   5.36168146       1.43996272E-02
   5.38563061       1.30179375E-02
   5.40957975       1.14801386E-02
   5.43352890       9.89242457E-03
   5.45747805       9.54994094E-03
   5.48142719       9.73535795E-03
   5.50537634       9.51833278E-03
   5.52932549       8.82702135E-03
   5.55327463       8.45933519E-03
   5.57722378       8.70414451E-03
   5.60117292       7.99659081E-03
   5.62512207       6.76799938E-03
   5.64907122       6.13557268E-03
   5.67302036       6.20267633E-03
   5.69696951       6.21398259E-03
   5.72091866       5.21762855E-03
   5.74486780       4.92553785E-03
   5.76881695       5.17472532E-03
   5.79276609       5.66255767E-03
   5.81671524       5.09727467E-03
   5.84066439       4.35479637E-03
   5.86461353       3.91294667E-03
   5.88856316       3.57300998E-03
   5.91251230       3.26400110E-03
   5.93646145       2.85343174E-03
   5.96041059       2.41010706E-03
   5.98435974       2.28724885E-03
   6.00830889       1.99934398E-03
   6.03225803       2.09728605E-03
   6.05620718       2.02151365E-03
   6.08015633       1.82507106E-03
   6.10410547       1.42874569E-03
   6.12805462       1.65171747E-03
   6.15200377       1.98268937E-03
   6.17595291       1.86665088E-03
   6.19990206       1.28886779E-03
   6.22385120       1.19300175E-03
   6.24780035       1.53276802E-03
   6.27174950       1.59929099E-03
   6.29569864       1.13352062E-03
   6.31964779       9.07284848E-04
   6.34359694       8.38250562E-04
   6.36754608       1.27662160E-03
   6.39149570       1.05582993E-03
   6.41544485       6.47779263E-04
   6.43939400       5.64535381E-04
   6.46334314       8.38434789E-04
   6.48729229       7.79900874E-04
   6.51124144       7.14417547E-04
   6.53519058       8.18806118E-04
   6.55913973       6.91051537E-04
   6.58308887       5.53487218E-04
   6.60703802       5.62979665E-04
   6.63098717       6.58959209E-04
   6.65493631       7.61700503E-04
   6.67888546       7.26344297E-04
   6.70283461       6.88354776E-04
   6.72678375       7.76153174E-04
   6.75073290       8.62845336E-04
   6.77468204       6.79350283E-04
   6.79863119       4.38585819E-04
   6.82258034       6.20302279E-04
   6.84652948       7.15457019E-04
   6.87047863       5.57707332E-04
   6.89442825       3.49709007E-04
   6.91837740       5.39170229E-04
   6.94232655       6.61834783E-04
   6.96627569       6.83048042E-04
   6.99022484       3.78201250E-04
   7.01417398       5.08332276E-04
   7.03812313       6.14884484E-04
   7.06207228       6.29599788E-04
   7.08602142       4.73384571E-04
   7.10997057       4.75845300E-04
   7.13391972       4.89005761E-04
   7.15786886       6.80170080E-04
   7.18181801       5.80704480E-04
   7.20576715       6.56479562E-04
   7.22971630       7.60175288E-04
   7.25366545       6.22302759E-04
   7.27761459       6.41474151E-04
   7.30156374       7.59381510E-04
   7.32551289       8.12414801E-04
   7.34946203       6.98486867E-04
   7.37341118       4.63047705E-04
   7.39736080       3.73029674E-04
   7.42130995       5.75974118E-04
   7.44525909       4.32328787E-04
   7.46920824       2.66245450E-04
   7.49315739       2.28790828E-04
   7.51710653       3.81118210E-04
   7.54105568       4.37884417E-04
   7.56500483       3.24926426E-04
   7.58895397       3.72592884E-04
   7.61290312       4.74350469E-04
   7.63685226       4.55388334E-04
   7.66080141       3.57851939E-04
   7.68475056       2.75485800E-04
   7.70869970       3.47289548E-04
   7.73264885       4.51325526E-04
   7.75659800       5.72119374E-04
   7.78054714       5.95009711E-04
   7.80449629       8.13434017E-04
   7.82844543       9.49272537E-04
   7.85239458       8.59517138E-04
   7.87634373       6.77732634E-04
   7.90029287       6.83835242E-04
   7.92424250       4.68379410E-04
   7.94819164       2.30310834E-04
   7.97214079       1.92346139E-04
   7.99608994       2.97640887E-04
   8.02003860       1.98511494E-04
   8.04398823       1.54115056E-04
   8.06793785       2.19096415E-04
   8.09188652       3.17335478E-04
   8.11583519       4.22031793E-04
   8.13978481       2.89414747E-04
   8.16373444       1.49511776E-04
   8.18768311       1.58300361E-04
   8.21163177       3.19453247E-04
   8.23558140       2.63119029E-04
   8.25953102       1.55643240E-04
   8.28347969       2.13766820E-04
   8.30742836       4.09347762E-04
   8.33137798       4.40970209E-04
   8.35532761       5.35452215E-04
   8.37927628       7.09744578E-04
   8.40322495       5.79926127E-04
   8.42717552       5.63965878E-04
   8.45112419       3.20808787E-04
   8.47507286       3.02797212E-04
   8.49902248       2.03479023E-04
   8.52297115       1.30866043E-04
   8.54692078       8.51114892E-05
   8.57086945       8.83988105E-05
   8.59481907       1.44257443E-04
   8.61876774       1.74372995E-04
   8.64271736       1.22204103E-04
   8.66666603       1.55185597E-04
   8.69061565       1.87754180E-04
   8.71456528       8.44558599E-05
   8.73851395       2.29688994E-05
   8.76246357       5.52578786E-05
   8.78641224       1.39189069E-04
   8.81036186       5.72859026E-05
   8.83431053       5.78773033E-05
   8.85826015       1.56034715E-04
   8.88220882       4.06356412E-04
   8.90615845       5.05303731E-04
   8.93010712       3.49828071E-04
   8.95405674       3.19672254E-04
   8.97800541       2.63890513E-04
   9.00195503       2.57809035E-04
   9.02590370       1.01602636E-04
   9.04985332       4.26855040E-05
   9.07380199       6.76881755E-05
   9.09775162       1.46985680E-04
   9.12170029       1.18497243E-04
   9.14564991       1.64260637E-04
   9.16959858       2.19458976E-04
   9.19354820       1.09616391E-04
   9.21749783       3.46697780E-05
   9.24144650       2.42803490E-05
   9.26539612       4.76499081E-05
   9.28934479       1.52259545E-05
   9.31329441       8.42389090E-06
   9.33724308       1.09257271E-05
   9.36119270       1.91610106E-05
   9.38514137       5.70007505E-05
   9.40909100       4.02630139E-05
   9.43303967       4.67174250E-05
   9.45698929       7.80472619E-05
   9.48093796       1.15873001E-04
   9.50488758       5.96138707E-05
   9.52883625       4.48766878E-05
   9.55278587       5.93857003E-05
   9.57673454       1.35279042E-04
   9.60068417       1.07242522E-04
   9.62463284       5.46990414E-05
   9.64858246       7.68524042E-05
   9.67253113       1.29352760E-04
   9.69648075       1.44051068E-04
   9.72043037       6.55568801E-05
   9.74437904       3.41840932E-05
   9.76832867       4.25956387E-05
   9.79227734       1.16699077E-04
   9.81622696       1.68374070E-04
   9.84017563       8.26469259E-05
   9.86412525       4.69250044E-05
   9.88807392       2.35439875E-05
   9.91202354       2.28635181E-05
   9.93597221       4.62668504E-05
   9.95992184       4.61969430E-05
   9.98387051       4.31470507E-05
   10.0078201       5.33893508E-05
   10.0317688       5.00332280E-05
   10.0557184       1.04167484E-04
   10.0796671       4.98615191E-05
   10.1036167       1.12233729E-05
   10.1275654       3.05430294E-05
   10.1515150       1.39439493E-04
   10.1754637       1.90345920E-04
   10.1994133       1.30258690E-04
   10.2233629       7.15219430E-05
   10.2473116       1.24932194E-04
   10.2712612       5.94063968E-05
   10.2952099       3.52830866E-05
   10.3191595       6.44897154E-05
   10.3431082       1.11632682E-04
   10.3670578       1.39159834E-04
   10.3910065       1.09513225E-04
   10.4149561       2.26667344E-05
   10.4389048       1.46322254E-05
   10.4628544       5.12298266E-06
   10.4868031       1.13622605E-06
   10.5107527       6.99929069E-06
   10.5347013       1.25847955E-05
   10.5586510       8.70859003E-06
   10.5825996       6.63528772E-06
   10.6065493       3.17325030E-05
   10.6304979       1.12058851E-05
   10.6544476       1.41122464E-05
   10.6783962       1.03398352E-05
   10.7023458       6.48949863E-05
   10.7262955       1.56472728E-04
   10.7502441       1.48296211E-04
   10.7741938       6.74055264E-05
   10.7981424       4.53476896E-05
   10.8220921       4.58420000E-05
   10.8460407       9.16557256E-05
   10.8699903       8.40287685E-05
   10.8939390       8.21459762E-05
   10.9178886       5.72251593E-05
   10.9418373       4.01961770E-05
   10.9657869       1.73081007E-05
   10.9897356       1.07149590E-05
   11.0136852       3.94742665E-06
   11.0376339       1.56437352E-06
   11.0615835       1.51157076E-06
   11.0855322       8.65162292E-06
   11.1094818       8.25832194E-06
   11.1334305       8.65354104E-06
   11.1573801       1.79340495E-05
   11.1813288       8.61022181E-06
   11.2052784       2.83054360E-05
   11.2292271       4.17283954E-05
   11.2531767       4.19048665E-05
   11.2771263       5.29611862E-05
   11.3010750       6.31617659E-05
   11.3250246       7.27359802E-05
   11.3489733       2.21072496E-05
   11.3729229       9.15462078E-06
   11.3968716       6.97754294E-05
   11.4208212       6.89027220E-05
   11.4447699       2.89503878E-05
   11.4687195       2.71367626E-05
   11.4926682       2.10732396E-05
   11.5166178       2.68201620E-05
   11.5405664       1.06471462E-05
   11.5645161       2.17433881E-05
   11.5884647       4.61853197E-05
   11.6124144       2.13955882E-05
   11.6363630       3.44854088E-05
   11.6603127       4.37561794E-05
   11.6842613       4.72387110E-05
   11.7082109       2.76069877E-05
   11.7321596       7.57300586E-06
   11.7561092       4.14468786E-06
   11.7800589       1.62835786E-05
   11.8040075       2.23859861E-05
   11.8279572       1.68039005E-05
   11.8519058       1.49536718E-05
   11.8758554       6.93474249E-06
   11.8998041       6.72612987E-06
   11.9237537       2.39690125E-05
   11.9477024       3.63330037E-05
   11.9716520       4.27995328E-05
   11.9956007       2.07283192E-05
   12.0195503       2.14558968E-05
   12.0434990       1.41472447E-05
   12.0674486       1.33013782E-05
   12.0913973       2.63027760E-05
   12.1153469       1.87341229E-05
   12.1392956       5.83662841E-05
   12.1632452       9.14086704E-05
   12.1871939       1.16961506E-04
   12.2111435       5.95021447E-05
   12.2350922       6.07442853E-05
   12.2590418       4.57955393E-05
   12.2829914       2.28830686E-05
   12.3069401       9.50197409E-06
   12.3308897       1.08564473E-05
   12.3548384       4.06870186E-06
   12.3787880       1.54258105E-05
   12.4027367       5.07207369E-05
   12.4266863       2.71691970E-05
   12.4506350       3.13778582E-05
   12.4745846       1.33780077E-05
   12.4985332       3.44961118E-05
   12.5224829       2.97568222E-05
   12.5464315       3.00810534E-05
   12.5703812       3.97555050E-05
   12.5943298       2.42221449E-05
   12.6182795       3.91101321E-06
   12.6422281       1.10767169E-05
   12.6661777       2.00619979E-05
   12.6901264       2.93881512E-05
   12.7140760       3.26663248E-05
   12.7380247       7.44810968E-05
   12.7619743       1.13316361E-04
   12.7859240       1.16001844E-04
   12.8098726       7.57726812E-05
   12.8338223       6.12256772E-05
   12.8577709       1.95683988E-05
   12.8817205       1.35105529E-05
   12.9056692       6.83032922E-05
   12.9296188       7.38056697E-05
   12.9535675       5.46373994E-05
   12.9775171       4.40189178E-05
   13.0014658       3.49588299E-05
   13.0254154       1.13841716E-05
   13.0493641       7.99787631E-06
   13.0733137       1.38161686E-05
   13.0972624       1.27210060E-05
   13.1212120       2.25066942E-05
   13.1451607       4.57096212E-05
   13.1691103       6.55892509E-05
   13.1930590       4.02438891E-05
   13.2170086       2.64423834E-05
   13.2409573       3.40588776E-05
   13.2649069       4.89463055E-05
   13.2888565       1.01594494E-04
   13.3128052       1.24834245E-04
   13.3367548       2.38768931E-04
   13.3607035       1.03371109E-04
   13.3846531       5.30217076E-05
   13.4086018       1.21310750E-05
   13.4325514       4.29671354E-06
   13.4565001       2.84462567E-05
   13.4804497       1.13402748E-05
   13.5043983       9.51114453E-06
   13.5283480       2.37515451E-05
   13.5522966       1.16866921E-07
   13.5762463       7.27601264E-06
   13.6001949       1.36368926E-05
   13.6241446       4.18720356E-06
   13.6480932       7.77112291E-06
   13.6720428       4.74094377E-05
   13.6959915       6.81047823E-05
   13.7199411       7.02735852E-05
   13.7438898       3.26623194E-05
   13.7678394       4.93977541E-06
   13.7917891       1.33879876E-05
   13.8157377       3.25203073E-05
   13.8396873       1.00574311E-04
   13.8636360       3.75684867E-05
   13.8875856       7.01847312E-05
   13.9115343       2.84781054E-05
   13.9354839       1.34356230E-06
   13.9594326       3.56794021E-06
   13.9833822       2.45634546E-05
   14.0073309       4.82497489E-05
   14.0312805       9.50186222E-06
   14.0552292       2.42860297E-05
   14.0791788       4.25819453E-05
   14.1031275       1.25941388E-05
   14.1270771       1.57649665E-05
   14.1510258       1.93693722E-05
   14.1749754       6.24699096E-05
   14.1989241       1.63051591E-04
   14.2228737       2.01641626E-04
   14.2468224       2.00671522E-04
   14.2707720       1.34308895E-04
   14.2947216       3.17830163E-05
   14.3186703       1.84417986E-05
   14.3426199       1.28354859E-05
   14.3665686       1.33797985E-05
   14.3905182       5.22925038E-05
   14.4144669       1.55602938E-05
   14.4384165       5.46465162E-06
   14.4623652       1.16215242E-05
   14.4863148       9.79786910E-06
   14.5102634       3.24332832E-05
   14.5342131       1.84791079E-05
   14.5581617       5.03712108E-05
   14.5821114       8.36432591E-05
   14.6060600       5.36299121E-05
   14.6300097       1.05031810E-04
   14.6539583       8.72741221E-05
   14.6779079       1.12290771E-04
   14.7018566       6.31573639E-05
   14.7258062       3.48574104E-05
   14.7497549       3.13936362E-05
   14.7737045       4.10201465E-05
   14.7976532       2.60758861E-05
   14.8216028       2.14100764E-05
   14.8455524       7.69734470E-06
   14.8695011       6.15596218E-06
   14.8934507       6.15289173E-06
   14.9173994       3.80458514E-05
   14.9413490       2.72320049E-05
   14.9652977       1.30839671E-05
   14.9892473       3.11961048E-05
   15.0131960       7.59707837E-06
   15.0371456       9.21404899E-06
   15.0610943       2.01767925E-05
   15.0850439       3.56954333E-05
   15.1089926       3.57560784E-05
   15.1329422       8.82999157E-05
   15.1568909       1.51100889E-04
   15.1808405       8.96216370E-05
   15.2047892       3.67049252E-05
   15.2287388       3.04562018E-05
   15.2526875       6.24607856E-05
   15.2766371       2.13133389E-05
   15.3005857       4.51424712E-05
   15.3245354       8.73325407E-05
   15.3484850       7.53402710E-05
   15.3724337       1.83212633E-05
   15.3963833       2.54440170E-06
   15.4203320       2.58624514E-05
   15.4442816       1.36707858E-05
   15.4682302       4.18894433E-06
   15.4921799       1.49984553E-05
   15.5161285       1.52130278E-05
   15.5400782       1.99338028E-05
   15.5640268       2.94573038E-05
   15.5879765       1.01312198E-05
   15.6119251       9.14151406E-06
   15.6358747       2.63611892E-05
   15.6598234       1.20061391E-04
   15.6837730       1.32740228E-04
   15.7077217       1.10718152E-04
   15.7316713       6.38366473E-05
   15.7556200       9.58942474E-06
   15.7795696       7.32444414E-06
   15.8035183       3.72019822E-05
   15.8274679       3.73435287E-05
   15.8514175       7.29371459E-06
   15.8753662       2.25728691E-05
   15.8993158       5.40420706E-06
   15.9232645       6.63653623E-07
   15.9472141       3.06512493E-06
   15.9711628       1.15263720E-05
   15.9951124       2.07578887E-05
   16.0190620       8.32946971E-05
   16.0430107       9.27659494E-05
   16.0669594       8.92224562E-05
   16.0909081       7.08420775E-05
   16.1148567       4.02551705E-05
   16.1388073       9.84393319E-06
   16.1627560       1.34989659E-05
   16.1867065       1.66020545E-05
   16.2106552       6.70447334E-05
   16.2346039       5.22709233E-05
   16.2585526       3.09551870E-05
   16.2825012       1.30143944E-05
   16.3064499       4.27263585E-05
   16.3304005       1.77514976E-05
   16.3543510       1.04382498E-05
   16.3782997       7.50553181E-06
   16.4022484       4.74293156E-05
   16.4261971       2.38056637E-05
   16.4501457       1.64182820E-05
   16.4740944       1.88552913E-05
   16.4980450       7.43199926E-05
   16.5219936       1.84540149E-05
   16.5459423       8.61100671E-06
   16.5698929       2.94969686E-05
   16.5938416       4.36543924E-05
   16.6177902       5.60182161E-05
   16.6417389       1.12209229E-04
   16.6656895       7.43170240E-05
   16.6896381       2.80836757E-05
   16.7135868       2.37854820E-05
   16.7375355       3.05666472E-05
   16.7614861       2.71156205E-05
   16.7854347       7.01439203E-05
   16.8093834       4.50920197E-05
   16.8333321       4.55697482E-05
   16.8572826       4.85020200E-06
   16.8812313       6.54659971E-07
   16.9051800       1.63768163E-06
   16.9291306       2.01755847E-05
   16.9530792       3.64229322E-07
   16.9770279       2.81709290E-05
   17.0009766       4.15711547E-05
   17.0249271       2.90915596E-05
   17.0488758       3.12080738E-06
   17.0728245       2.18405967E-05
   17.0967731       2.94348320E-05
   17.1207237       3.10732757E-05
   17.1446724       4.97634464E-05
   17.1686211       3.50130140E-05
   17.1925697       8.61812732E-05
   17.2165203       1.06838641E-04
   17.2404690       7.26002909E-05
   17.2644176       2.72155485E-05
   17.2883663       8.64817412E-06
   17.3123169       4.86836643E-06
   17.3362656       7.32115222E-06
   17.3602142       1.51440545E-05
   17.3841648       8.23289884E-06
   17.4081135       1.50248507E-05
   17.4320621       2.52767904E-06
   17.4560108       2.02050960E-05
   17.4799614       3.88933222E-06
   17.5039101       1.00148895E-06
   17.5278587       6.34606158E-06
   17.5518074       5.18141896E-05
   17.5757580       8.39644199E-05
   17.5997066       2.18188470E-05
   17.6236553       1.64517405E-06
   17.6476040       1.07007954E-05
   17.6715546       5.13736450E-06
   17.6955032       3.28357273E-05
   17.7194519       8.07902470E-05
   17.7434006       7.58374299E-05
   17.7673512       5.39420216E-05
   17.7912998       7.65847581E-05
   17.8152485       4.96293651E-05
   17.8391972       5.73314583E-06
   17.8631477       1.43706566E-05
   17.8870964       1.52481689E-05
   17.9110451       9.40058817E-06
   17.9349957       5.09321671E-06
   17.9589443       1.36267272E-06
   17.9828930       2.14135252E-05
   18.0068417       4.15795039E-05
   18.0307922       1.15156890E-05
   18.0547409       1.27300173E-05
   18.0786896       7.04222111E-05
   18.1026382       5.49628312E-05
   18.1265888       7.55655128E-05
   18.1505375       8.12837679E-05
   18.1744862       3.85731400E-05
   18.1984348       7.80001210E-06
   18.2223854       2.49692021E-05
   18.2463341       7.30195679E-05
   18.2702827       1.13596172E-04
   18.2942314       9.60320467E-05
   18.3181820       1.63861405E-05
   18.3421307       7.95194046E-06
   18.3660793       1.94054701E-05
   18.3900299       6.20610444E-06
   18.4139786       4.30625323E-06
   18.4379272       1.53201545E-05
   18.4618759       1.92685802E-05
   18.4858265       2.12022569E-05
   18.5097752       4.25204780E-05
   18.5337238       1.44843425E-05
   18.5576725       2.02222745E-05
   18.5816231       1.70354688E-05
   18.6055717       5.81658314E-05
   18.6295204       1.13070935E-04
   18.6534691       1.91465195E-04
   18.6774197       9.19657978E-05
   18.7013683       1.27567837E-04
   18.7253170       1.32968387E-04
   18.7492657       1.41042110E-05
   18.7732162       1.53043893E-05
   18.7971649       5.99235045E-06
   18.8211136       1.92885764E-05
   18.8450623       3.70522757E-05
   18.8690128       1.05174377E-05
   18.8929615       1.20921522E-05
   18.9169102       5.35304716E-05
   18.9408607       2.46448508E-05
   18.9648094       3.24840039E-06
   18.9887581       1.20131799E-05
   19.0127068       6.85895211E-05
   19.0366573       7.14103226E-05
   19.0606060       6.54375908E-05
   19.0845547       4.23191232E-05
   19.1085033       8.67008907E-07
   19.1324539       8.27633448E-06
   19.1564026       1.17683303E-05
   19.1803513       4.49665313E-05
   19.2042999       1.06308165E-04
   19.2282505       7.35446811E-05
   19.2521992       2.70536621E-05
   19.2761478       5.05762873E-05
   19.3000965       3.34870092E-05
   19.3240471       2.51888923E-06
   19.3479958       4.40237363E-06
   19.3719444       2.14358679E-05
   19.3958931       1.11297966E-04
   19.4198437       9.04444751E-05
   19.4437923       4.53398607E-05
   19.4677410       1.84018281E-05
   19.4916916       4.61741474E-05
   19.5156403       5.33751518E-05
   19.5395889       8.35226019E-05
   19.5635376       1.59254181E-04
   19.5874882       1.44570309E-04
   19.6114368       4.79414011E-05
   19.6353855       4.35832881E-05
   19.6593342       2.20671391E-05
   19.6832848       2.90167391E-05
   19.7072334       4.92519503E-05
   19.7311821       5.79827101E-05
   19.7551308       4.32221786E-05
   19.7790813       4.63931538E-05
   19.8030300       6.97151972E-06
   19.8269787       3.62962055E-06
   19.8509274       1.44095029E-05
   19.8748779       4.19939133E-05
   19.8988266       5.69405420E-05
   19.9227753       4.29053907E-05
   19.9467258       7.40638789E-05
   19.9706745       1.13341463E-04
   19.9946232       9.48098095E-05
   20.0185719       3.05985377E-05
   20.0425224       3.48030682E-07
   20.0664711       2.97123097E-05
   20.0904198       4.09948261E-05
   20.1143684       7.81740091E-05
   20.1383190       7.18853480E-05
   20.1622677       5.55077058E-05
   20.1862164       4.25858743E-05
   20.2101650       2.44008261E-05
   20.2341156       2.31849735E-05
   20.2580643       8.69356086E-07
   20.2820129       3.42400449E-06
   20.3059616       9.18334763E-07
   20.3299122       1.84100063E-05
   20.3538609       6.47063325E-06
   20.3778095       2.85985152E-06
   20.4017582       1.66760292E-05
   20.4257088       1.55821799E-05
   20.4496574       5.93162367E-05
   20.4736061       7.15133501E-05
   20.4975567       4.89068480E-05
   20.5215054       5.15719439E-05
   20.5454540       3.61878629E-05
   20.5694027       2.29553607E-05
   20.5933533       1.63506920E-05
   20.6173019       8.10764759E-05
   20.6412506       9.70488327E-05
   20.6651993       1.47666171E-04
   20.6891499       5.49527795E-05
   20.7130985       9.26179200E-05
   20.7370472       2.11990100E-05
   20.7609959       2.34999825E-05
   20.7849464       1.87593141E-05
   20.8088951       1.29657592E-05
   20.8328438       2.52629907E-05
   20.8567924       2.21648006E-05
   20.8807430       3.70528942E-05
   20.9046917       5.09858874E-05
   20.9286404       3.05626018E-05
   20.9525909       1.77102822E-06
   20.9765396       3.08046947E-06
   21.0004883       2.24128471E-05
   21.0244370       5.27673292E-05
   21.0483875       1.04323422E-04
   21.0723362       8.46706898E-05
   21.0962849       1.01223686E-05
   21.1202335       1.97295012E-05
   21.1441841       7.32380977E-06
   21.1681328       2.74507647E-06
   21.1920815       1.17812874E-06
   21.2160301       1.60800937E-05
   21.2399807       1.86481684E-05
   21.2639294       8.32754631E-06
   21.2878780       4.67807786E-06
   21.3118267       5.80633605E-06
   21.3357773       3.49540751E-05
   21.3597260       1.71626289E-05
   21.3836746       4.29905340E-05
   21.4076233       7.50565232E-05
   21.4315739       4.74556437E-05
   21.4555225       3.24187677E-05
   21.4794712       4.37857016E-05
   21.5034218       5.99112318E-05
   21.5273705       2.36435221E-06
   21.5513191       2.33405535E-05
   21.5752678       5.55783481E-05
   21.5992184       9.28270601E-05
   21.6231670       1.17769210E-04
   21.6471157       7.81345734E-05
   21.6710644       2.08696692E-05
   21.6950150       6.14919099E-06
   21.7189636       3.03792422E-06
   21.7429123       8.61991703E-06
   21.7668610       1.19695164E-06
   21.7908115       5.10926202E-06
   21.8147602       2.20291950E-05
   21.8387089       1.08857539E-05
   21.8626575       8.32345722E-06
   21.8866081       1.86267080E-05
   21.9105568       1.15141611E-05
   21.9345055       5.18254319E-06
   21.9584541       5.89316478E-05
   21.9824047       1.07910440E-04
   22.0063534       6.01392821E-05
   22.0303020       4.26797524E-05
   22.0542526       6.97672658E-05
   22.0782013       1.00714475E-04
   22.1021500       2.79883516E-05
   22.1260986       1.93983433E-05
   22.1500492       3.00049123E-05
   22.1739979       2.71664394E-05
   22.1979465       4.50155021E-05
   22.2218952       3.10138603E-05
   22.2458458       5.37933993E-05
   22.2697945       1.31427605E-05
   22.2937431       8.03393141E-06
   22.3176918       1.11016971E-05
   22.3416424       1.45386648E-05
   22.3655910       2.30564692E-05
   22.3895397       1.95082230E-05
   22.4134884       3.25155634E-05
   22.4374390       1.91195650E-05
   22.4613876       1.56862734E-05
   22.4853363       2.05407177E-05
   22.5092869       2.20206657E-05
   22.5332355       6.64043691E-05
   22.5571842       6.99166048E-05
   22.5811329       7.58296010E-05
   22.6050835       3.59975966E-05
   22.6290321       2.89884356E-05
   22.6529808       3.17861741E-05
   22.6769295       1.47664350E-05
   22.7008801       4.93544690E-08
   22.7248287       1.07321266E-05
   22.7487774       9.77234868E-06
   22.7727261       2.60806810E-05
   22.7966766       1.56011611E-05
   22.8206253       2.06810055E-05
   22.8445740       1.89979091E-05
   22.8685226       1.83204418E-06
   22.8924732       6.31314615E-05
   22.9164219       1.12347167E-04
   22.9403706       6.58317513E-05
   22.9643192       3.74923329E-05
   22.9882698       4.75747311E-06
   23.0122185       1.21057269E-06
   23.0361671       5.97078688E-05
   23.0601177       8.81220403E-05
   23.0840664       9.82053825E-05
   23.1080151       1.34015499E-04
   23.1319637       7.30288157E-05
   23.1559143       4.07071275E-05
   23.1798630       3.38270365E-06
   23.2038116       1.58782268E-06
   23.2277603       1.31355300E-05
   23.2517109       4.29895081E-05
   23.2756596       9.82041342E-07
   23.2996082       1.74898707E-06
   23.3235569       2.73349015E-05
   23.3475075       4.47974817E-05
   23.3714561       8.11801146E-06
   23.3954048       5.50887053E-05
   23.4193535       9.16952267E-05
   23.4433041       5.80265223E-05
   23.4672527       5.19281530E-05
   23.4912014       8.97323625E-05
   23.5151520       6.71782836E-05
   23.5391006       2.73639780E-05
   23.5630493       2.79832857E-05
   23.5869980       1.21877474E-06
   23.6109486       1.00524276E-05
   23.6348972       1.47541750E-05
   23.6588459       2.89673299E-05
   23.6827946       3.51946801E-06
   23.7067451       5.45742023E-06
   23.7306938       9.95925802E-07
   23.7546425       5.99227064E-07
   23.7785912       6.98499298E-06
   23.8025417       1.66164864E-05
   23.8264904       8.86822090E-05
   23.8504391       7.21601609E-05
   23.8743877       6.12181175E-05
   23.8983383       4.50793741E-05
   23.9222870       4.75217639E-05
   23.9462357       3.34987781E-05
   23.9701843       8.22744623E-05
   23.9941349       7.85104421E-05
   24.0180836       1.86528603E-04
   24.0420322       1.23942635E-04
   24.0659828       1.01390731E-04
   24.0899315       7.43808851E-05
   24.1138802       3.03189099E-05
   24.1378288       1.08006519E-08
   24.1617794       2.11580318E-05
   24.1857281       3.47137902E-05
   24.2096767       3.63393665E-05
   24.2336254       7.72381918E-06
   24.2575760       5.19670948E-06
   24.2815247       1.20687073E-05
   24.3054733       7.61528645E-06
   24.3294220       7.03560409E-06
   24.3533726       2.49012755E-05
   24.3773212       7.67684032E-05
   24.4012699       1.59792951E-04
   24.4252186       6.03981389E-05
   24.4491692       2.31605172E-05
   24.4731178       2.18836340E-05
   24.4970665       4.47004932E-05
   24.5210171       7.55030123E-05
   24.5449657       5.61453999E-05
   24.5689144       1.09748384E-04
   24.5928631       9.06650748E-05
   24.6168137       1.36881670E-06
   24.6407623       1.29956097E-05
   24.6647110       4.02937549E-05
   24.6886597       5.28062592E-05
   24.7126102       5.77528554E-05
   24.7365589       1.12824171E-04
   24.7605076       1.47120794E-04
   24.7844563       8.63012756E-05
   24.8084068       5.88116527E-05
   24.8323555       2.85380629E-05
   24.8563042       3.51721496E-06
   24.8802528       1.37433954E-05
   24.9042034       4.79768096E-05
   24.9281521       1.17177660E-04
   24.9521008       5.94363373E-05
   24.9760494       2.06232689E-05
   25.0000000       3.84526720E-05
