  0.500000000       3.58411111E-04
  0.523949146       5.98209677E-04
  0.547898352       4.98862937E-04
  0.571847498       3.67078173E-04
  0.595796704       3.86193395E-04
  0.619745851       5.60378656E-04
  0.643694997       7.02628517E-04
  0.667644143       5.82198438E-04
  0.691593349       5.33702434E-04
  0.715542555       9.64747625E-04
  0.739491701       1.18374371E-03
  0.763440847       1.38673605E-03
  0.787389994       1.24237244E-03
  0.811339200       1.21516455E-03
  0.835288346       1.33966480E-03
  0.859237552       1.57192000E-03
  0.883186698       1.56667246E-03
  0.907135844       1.81088410E-03
  0.931085050       2.36991327E-03
  0.955034196       2.93134642E-03
  0.978983402       3.30597465E-03
   1.00293255       3.80284432E-03
   1.02688169       4.14783647E-03
   1.05083084       4.97242156E-03
   1.07477999       5.44889597E-03
   1.09872913       5.95542137E-03
   1.12267840       5.72035648E-03
   1.14662755       6.57542609E-03
   1.17057669       8.29188339E-03
   1.19452596       9.71763115E-03
   1.21847510       1.04956850E-02
   1.24242425       1.10720377E-02
   1.26637340       1.21009219E-02
   1.29032254       1.47795603E-02
   1.31427169       1.66468658E-02
   1.33822083       1.66827329E-02
   1.36217010       1.61353387E-02
   1.38611925       1.78517643E-02
   1.41006839       2.08084304E-02
   1.43401766       2.34497376E-02
   1.45796680       2.52571367E-02
   1.48191595       2.70330720E-02
   1.50586510       2.98629105E-02
   1.52981424       3.36087048E-02
   1.55376339       3.84099968E-02
   1.57771254       4.09873277E-02
   1.60166180       4.41318229E-02
   1.62561095       4.73566689E-02
   1.64956009       5.17954603E-02
   1.67350924       5.70076704E-02
   1.69745839       6.07321039E-02
   1.72140765       6.55171275E-02
   1.74535680       7.16317743E-02
   1.76930594       7.95826465E-02
   1.79325509       8.57963562E-02
   1.81720424       8.88681039E-02
   1.84115338       9.53697711E-02
   1.86510265      0.102440737    
   1.88905180      0.110936664    
   1.91300094      0.116119385    
   1.93695009      0.120875522    
   1.96089923      0.128433317    
   1.98484850      0.138606980    
   2.00879765      0.145905450    
   2.03274679      0.152322769    
   2.05669594      0.161694616    
   2.08064508      0.171649590    
   2.10459423      0.183313146    
   2.12854338      0.192279875    
   2.15249252      0.199311405    
   2.17644167      0.210906774    
   2.20039082      0.224085003    
   2.22434020      0.236856744    
   2.24828935      0.249187678    
   2.27223849      0.259383321    
   2.29618764      0.272198200    
   2.32013679      0.287049592    
   2.34408593      0.303845584    
   2.36803532      0.314146578    
   2.39198446      0.319914103    
   2.41593361      0.332003951    
   2.43988276      0.348373473    
   2.46383190      0.360240102    
   2.48778105      0.371142089    
   2.51173019      0.376930386    
   2.53567934      0.387350529    
   2.55962849      0.402827084    
   2.58357763      0.415824771    
   2.60752678      0.422187954    
   2.63147593      0.434251964    
   2.65542507      0.448997557    
   2.67937446      0.462518692    
   2.70332360      0.466679841    
   2.72727275      0.477995515    
   2.75122190      0.488161266    
   2.77517104      0.498425841    
   2.79912019      0.507717490    
   2.82306933      0.514025807    
   2.84701848      0.521782398    
   2.87096763      0.533144951    
   2.89491677      0.543751359    
   2.91886592      0.553290069    
   2.94281530      0.553548217    
   2.96676445      0.552533329    
   2.99071360      0.554495811    
   3.01466274      0.558597386    
   3.03861189      0.561009765    
   3.06256104      0.559198499    
   3.08651018      0.552463889    
   3.11045933      0.554275990    
   3.13440847      0.562674880    
   3.15835762      0.567158580    
   3.18230677      0.560312450    
   3.20625615      0.554443896    
   3.23020530      0.555228233    
   3.25415444      0.555311620    
   3.27810359      0.550009489    
   3.30205274      0.542405367    
   3.32600188      0.537185788    
   3.34995103      0.534527183    
   3.37390018      0.538907528    
   3.39784932      0.533845723    
   3.42179847      0.527601004    
   3.44574785      0.518982649    
   3.46969700      0.510019064    
   3.49364614      0.501714230    
   3.51759529      0.490168989    
   3.54154444      0.475895226    
   3.56549358      0.456938028    
   3.58944273      0.446400255    
   3.61339188      0.441975862    
   3.63734102      0.431893528    
   3.66129017      0.420539051    
   3.68523932      0.409282327    
   3.70918870      0.402010769    
   3.73313785      0.392659515    
   3.75708699      0.377543181    
   3.78103614      0.360641658    
   3.80498528      0.352011234    
   3.82893443      0.345293343    
   3.85288358      0.330673218    
   3.87683272      0.316887885    
   3.90078187      0.306582272    
   3.92473102      0.303571969    
   3.94868040      0.297966212    
   3.97262955      0.282417536    
   3.99657869      0.270205706    
   4.02052784      0.261129320    
   4.04447699      0.254040807    
   4.06842613      0.244649544    
   4.09237528      0.231197655    
   4.11632442      0.217350096    
   4.14027357      0.204049870    
   4.16422272      0.199206635    
   4.18817186      0.196827650    
   4.21212101      0.185594320    
   4.23607063      0.171432912    
   4.26001930      0.161228776    
   4.28396893      0.154634923    
   4.30791759      0.148836404    
   4.33186722      0.138673469    
   4.35581589      0.126489580    
   4.37976551      0.121285006    
   4.40371418      0.118371412    
   4.42766380      0.114811033    
   4.45161247      0.107328795    
   4.47556210      0.101573214    
   4.49951124       9.82814729E-02
   4.52346039       9.44910869E-02
   4.54740953       8.79446864E-02
   4.57135868       8.20409358E-02
   4.59530783       7.59986565E-02
   4.61925697       7.16766119E-02
   4.64320612       6.70385957E-02
   4.66715527       6.12931587E-02
   4.69110441       5.93661927E-02
   4.71505356       5.59883416E-02
   4.73900270       5.31060882E-02
   4.76295185       5.15605249E-02
   4.78690100       4.80635986E-02
   4.81085014       4.46300320E-02
   4.83479929       3.98181342E-02
   4.85874891       3.70918252E-02
   4.88269806       3.51120867E-02
   4.90664721       3.19159627E-02
   4.93059635       2.92517077E-02
   4.95454550       2.83004865E-02
   4.97849464       2.87810769E-02
   5.00244379       2.80696563E-02
   5.02639294       2.49962416E-02
   5.05034208       2.24274602E-02
   5.07429123       2.28573121E-02
   5.09824038       2.24224906E-02
   5.12218952       2.03371644E-02
   5.14613867       1.77852046E-02
   5.17008781       1.65055357E-02
   5.19403696       1.64159816E-02
   5.21798611       1.60411131E-02
   5.24193525       1.45521760E-02
   5.26588440       1.35531249E-02
   5.28983355       1.19048972E-02
   5.31378269       1.10153835E-02
   5.33773184       1.09483097E-02
   5.36168146       1.02433544E-02
   5.38563061       8.65634531E-03
   5.40957975       7.10553396E-03
   5.43352890       6.73414627E-03
   5.45747805       6.68670516E-03
   5.48142719       6.65543089E-03
   5.50537634       5.94922667E-03
   5.52932549       5.53906662E-03
   5.55327463       6.08150195E-03
   5.57722378       6.24299888E-03
   5.60117292       5.38535882E-03
   5.62512207       4.36007045E-03
   5.64907122       4.81333537E-03
   5.67302036       4.77255927E-03
   5.69696951       3.91563587E-03
   5.72091866       3.10090068E-03
   5.74486780       3.37689021E-03
   5.76881695       3.90232727E-03
   5.79276609       3.76844895E-03
   5.81671524       3.62390140E-03
   5.84066439       3.08080367E-03
   5.86461353       2.84684263E-03
   5.88856316       2.49576848E-03
   5.91251230       2.06471514E-03
   5.93646145       1.63748558E-03
   5.96041059       1.26698462E-03
   5.98435974       1.15397095E-03
   6.00830889       1.30617502E-03
   6.03225803       1.47589901E-03
   6.05620718       1.31909479E-03
   6.08015633       1.13300153E-03
   6.10410547       1.14439672E-03
   6.12805462       1.48471328E-03
   6.15200377       1.70143740E-03
   6.17595291       9.89032094E-04
   6.19990206       6.32976298E-04
   6.22385120       8.57840641E-04
   6.24780035       1.22958492E-03
   6.27174950       1.16330397E-03
   6.29569864       8.62812973E-04
   6.31964779       8.01909715E-04
   6.34359694       1.08693575E-03
   6.36754608       1.03631406E-03
   6.39149570       7.85301614E-04
   6.41544485       4.04940190E-04
   6.43939400       4.48945852E-04
   6.46334314       3.97850788E-04
   6.48729229       2.68331962E-04
   6.51124144       2.82662833E-04
   6.53519058       3.66854889E-04
   6.55913973       3.54892079E-04
   6.58308887       2.27093304E-04
   6.60703802       2.67549796E-04
   6.63098717       2.99388397E-04
   6.65493631       1.42871460E-04
   6.67888546       8.67444323E-05
   6.70283461       1.88421633E-04
   6.72678375       3.03433160E-04
   6.75073290       2.52997590E-04
   6.77468204       1.55838206E-04
   6.79863119       1.17963027E-04
   6.82258034       2.63180380E-04
   6.84652948       3.38596234E-04
   6.87047863       1.48511986E-04
   6.89442825       1.19538592E-04
   6.91837740       2.63264461E-04
   6.94232655       3.56865552E-04
   6.96627569       1.75263267E-04
   6.99022484       9.16896679E-05
   7.01417398       9.80976401E-05
   7.03812313       5.04397321E-05
   7.06207228       1.37270272E-05
   7.08602142       8.27398071E-06
   7.10997057       1.76223766E-05
   7.13391972       2.59401022E-05
   7.15786886       9.15646433E-06
   7.18181801       6.72556735E-06
   7.20576715       2.40819318E-05
   7.22971630       5.03789233E-05
   7.25366545       3.38115424E-05
   7.27761459       1.71796569E-06
   7.30156374       3.08087256E-05
   7.32551289       6.40429134E-05
   7.34946203       2.46448781E-05
   7.37341118       2.19668527E-05
   7.39736080       1.01030484E-04
   7.42130995       1.59797957E-04
   7.44525909       7.57777307E-05
   7.46920824       4.29407264E-05
   7.49315739       5.66172457E-05
   7.51710653       7.12069523E-05
   7.54105568       3.36992380E-05
   7.56500483       2.29302714E-05
   7.58895397       1.44495480E-05
   7.61290312       3.46688066E-05
   7.63685226       4.74960107E-05
   7.66080141       3.04961686E-05
   7.68475056       6.07598413E-05
   7.70869970       6.92053291E-05
   7.73264885       1.09312095E-05
   7.75659800       2.41234320E-05
   7.78054714       1.13254384E-04
   7.80449629       1.50440290E-04
   7.82844543       8.99195293E-05
   7.85239458       1.37460365E-05
   7.87634373       1.70948842E-05
   7.90029287       8.51558434E-05
   7.92424250       6.54051255E-05
   7.94819164       1.81885644E-05
   7.97214079       5.83154433E-05
   7.99608994       6.76255586E-05
   8.02003860       1.60433137E-05
   8.04398823       1.77692145E-05
   8.06793785       9.92480363E-06
   8.09188652       2.58285545E-05
   8.11583519       6.09717517E-06
   8.13978481       8.61331137E-05
   8.16373444       7.75836961E-05
   8.18768311       2.46465606E-05
   8.21163177       1.73020417E-05
   8.23558140       4.02880651E-05
   8.25953102       3.02827539E-05
   8.28347969       1.98679791E-05
   8.30742836       3.51379458E-05
   8.33137798       1.10023451E-04
   8.35532761       1.13264738E-04
   8.37927628       1.08668777E-04
   8.40322495       2.20310121E-05
   8.42717552       4.01143043E-05
   8.45112419       3.06785951E-05
   8.47507286       1.89326113E-06
   8.49902248       1.30442404E-05
   8.52297115       1.30757971E-05
   8.54692078       2.92809436E-05
   8.57086945       1.50782962E-05
   8.59481907       3.60244962E-06
   8.61876774       1.25918014E-05
   8.64271736       2.58580767E-05
   8.66666603       2.40176760E-05
   8.69061565       1.41775490E-05
   8.71456528       4.61030777E-06
   8.73851395       2.30215646E-05
   8.76246357       7.84409567E-05
   8.78641224       1.46292470E-04
   8.81036186       9.79065080E-05
   8.83431053       8.05523669E-05
   8.85826015       3.68002256E-05
   8.88220882       5.43175429E-06
   8.90615845       4.68225371E-05
   8.93010712       6.42135492E-05
   8.95405674       4.96994689E-05
   8.97800541       1.24312146E-05
   9.00195503       6.38447964E-05
   9.02590370       4.76836867E-05
   9.04985332       2.98560553E-05
   9.07380199       2.34766558E-05
   9.09775162       5.92159495E-06
   9.12170029       2.41811431E-05
   9.14564991       3.03457473E-05
   9.16959858       4.74627177E-06
   9.19354820       9.09311257E-06
   9.21749783       3.26102163E-05
   9.24144650       4.82064643E-05
   9.26539612       2.28608424E-05
   9.28934479       4.28791782E-06
   9.31329441       6.19524235E-06
   9.33724308       4.32480920E-06
   9.36119270       7.01414820E-06
   9.38514137       1.11826557E-05
   9.40909100       4.57932802E-05
   9.43303967       2.82165292E-05
   9.45698929       1.60366417E-05
   9.48093796       3.95320749E-05
   9.50488758       4.37349117E-05
   9.52883625       4.77604044E-05
   9.55278587       1.35662333E-06
   9.57673454       1.17879554E-05
   9.60068417       1.00985990E-05
   9.62463284       1.78165901E-05
   9.64858246       4.40508484E-06
   9.67253113       7.77349305E-06
   9.69648075       3.86940628E-05
   9.72043037       1.35145656E-05
   9.74437904       1.15349485E-05
   9.76832867       2.83366899E-05
   9.79227734       1.07907530E-04
   9.81622696       6.16618418E-05
   9.84017563       1.50929573E-05
   9.86412525       2.69872035E-05
   9.88807392       9.71548707E-06
   9.91202354       5.47746686E-06
   9.93597221       9.05153956E-06
   9.95992184       9.79764445E-05
   9.98387051       1.56278489E-04
   10.0078201       5.77192368E-05
   10.0317688       9.75792744E-08
   10.0557184       4.14249968E-07
   10.0796671       1.01409041E-05
   10.1036167       3.84338055E-05
   10.1275654       3.51158960E-05
   10.1515150       1.32176428E-05
   10.1754637       1.51089262E-05
   10.1994133       4.19376120E-05
   10.2233629       1.19119459E-05
   10.2473116       1.06604457E-05
   10.2712612       2.43800059E-05
   10.2952099       4.54495639E-05
   10.3191595       4.02905098E-05
   10.3431082       6.20336723E-05
   10.3670578       5.09828278E-05
   10.3910065       1.76113499E-05
   10.4149561       1.47449055E-05
   10.4389048       5.91581556E-06
   10.4628544       1.01206224E-05
   10.4868031       1.31846173E-05
   10.5107527       1.08995646E-05
   10.5347013       2.08406800E-05
   10.5586510       2.90605858E-05
   10.5825996       2.25942786E-05
   10.6065493       1.00672685E-06
   10.6304979       3.49226539E-05
   10.6544476       7.10518798E-05
   10.6783962       1.21244331E-04
   10.7023458       3.70435628E-05
   10.7262955       4.85413548E-05
   10.7502441       5.92029937E-05
   10.7741938       1.12188573E-04
   10.7981424       5.09066631E-05
   10.8220921       9.43488521E-06
   10.8460407       2.63205729E-05
   10.8699903       2.62276535E-06
   10.8939390       5.02267540E-06
   10.9178886       6.50566799E-05
   10.9418373       2.54155493E-05
   10.9657869       5.25661289E-06
   10.9897356       3.23599597E-05
   11.0136852       5.63837457E-05
   11.0376339       1.11259023E-05
   11.0615835       1.88519116E-05
   11.0855322       6.00454541E-06
   11.1094818       1.11130894E-05
   11.1334305       1.75478017E-05
   11.1573801       7.19591299E-06
   11.1813288       2.85195188E-06
   11.2052784       4.31775479E-05
   11.2292271       1.34502508E-04
   11.2531767       1.08023705E-04
   11.2771263       3.85158201E-05
   11.3010750       9.00078976E-06
   11.3250246       7.91769889E-06
   11.3489733       1.38887754E-05
   11.3729229       1.90758669E-06
   11.3968716       9.87101521E-05
   11.4208212       9.13174590E-05
   11.4447699       3.72413815E-05
   11.4687195       4.52439372E-06
   11.4926682       3.82768849E-05
   11.5166178       5.97654689E-05
   11.5405664       8.15611929E-06
   11.5645161       1.55533126E-05
   11.5884647       1.15787370E-05
   11.6124144       4.03313752E-05
   11.6363630       3.28287279E-05
   11.6603127       8.37827065E-06
   11.6842613       2.04837070E-05
   11.7082109       1.06658608E-05
   11.7321596       5.92926926E-06
   11.7561092       2.72320249E-05
   11.7800589       3.74442461E-05
   11.8040075       8.13514271E-05
   11.8279572       3.99937744E-05
   11.8519058       7.07738445E-06
   11.8758554       3.97685380E-06
   11.8998041       1.89340153E-05
   11.9237537       1.85211520E-05
   11.9477024       2.93069161E-06
   11.9716520       4.15039176E-06
   11.9956007       1.46136290E-05
   12.0195503       1.92885864E-06
   12.0434990       2.14079155E-05
   12.0674486       1.19949400E-05
   12.0913973       2.82555211E-05
   12.1153469       5.45255716E-08
   12.1392956       2.56040403E-05
   12.1632452       1.51377162E-05
   12.1871939       6.06699541E-05
   12.2111435       3.58487523E-05
   12.2350922       1.71558204E-05
   12.2590418       8.35369121E-07
   12.2829914       2.51464498E-05
   12.3069401       5.28357623E-06
   12.3308897       3.39517237E-06
   12.3548384       5.50884979E-05
   12.3787880       3.66394852E-05
   12.4027367       3.07582268E-05
   12.4266863       4.44862126E-05
   12.4506350       2.62127523E-05
   12.4745846       1.76938811E-05
   12.4985332       9.69412122E-06
   12.5224829       8.30149929E-06
   12.5464315       6.87973397E-07
   12.5703812       2.03990312E-05
   12.5943298       3.41116101E-05
   12.6182795       5.46607043E-05
   12.6422281       7.09516971E-05
   12.6661777       6.14310848E-05
   12.6901264       1.58187468E-05
   12.7140760       3.35615596E-06
   12.7380247       1.55164730E-06
   12.7619743       3.91370631E-05
   12.7859240       4.54662222E-05
   12.8098726       6.18313834E-07
   12.8338223       1.11201016E-05
   12.8577709       3.33889329E-05
   12.8817205       3.90301429E-05
   12.9056692       2.66687457E-05
   12.9296188       9.99161275E-05
   12.9535675       5.02728108E-05
   12.9775171       3.77863898E-06
   13.0014658       1.28800666E-05
   13.0254154       2.38284774E-05
   13.0493641       2.80973982E-05
   13.0733137       3.56628789E-06
   13.0972624       3.18359355E-07
   13.1212120       1.17134605E-05
   13.1451607       1.85529516E-05
   13.1691103       5.41188529E-05
   13.1930590       2.70170603E-05
   13.2170086       1.87214209E-05
   13.2409573       4.84899920E-06
   13.2649069       1.52315693E-06
   13.2888565       4.35680522E-05
   13.3128052       1.32428191E-04
   13.3367548       1.32920148E-04
   13.3607035       1.19095654E-04
   13.3846531       4.50265143E-05
   13.4086018       4.52183158E-05
   13.4325514       1.04223200E-05
   13.4565001       5.41068084E-06
   13.4804497       1.00298030E-05
   13.5043983       7.37741575E-05
   13.5283480       1.92264379E-05
   13.5522966       6.76062382E-06
   13.5762463       9.24329652E-06
   13.6001949       4.46930972E-06
   13.6241446       1.21680414E-05
   13.6480932       4.35503607E-05
   13.6720428       3.10790097E-06
   13.6959915       1.73447588E-05
   13.7199411       1.38150217E-05
   13.7438898       1.07402070E-06
   13.7678394       1.48952131E-05
   13.7917891       7.22624100E-05
   13.8157377       1.35094815E-04
   13.8396873       1.04666127E-04
   13.8636360       5.86977403E-05
   13.8875856       2.64980263E-05
   13.9115343       2.27703749E-05
   13.9354839       1.05186300E-05
   13.9594326       2.31525291E-06
   13.9833822       1.73783519E-05
   14.0073309       2.53273924E-06
   14.0312805       3.45308072E-05
   14.0552292       5.96330210E-05
   14.0791788       2.29212565E-05
   14.1031275       4.58168461E-06
   14.1270771       6.88774744E-05
   14.1510258       4.53530847E-05
   14.1749754       8.49371936E-05
   14.1989241       6.04093912E-05
   14.2228737       2.23466523E-05
   14.2468224       1.11590352E-05
   14.2707720       1.38377175E-07
   14.2947216       1.07865653E-05
   14.3186703       5.34626888E-05
   14.3426199       2.66278785E-05
   14.3665686       4.46264094E-05
   14.3905182       5.58622705E-05
   14.4144669       5.18860834E-05
   14.4384165       1.25209444E-05
   14.4623652       1.36268191E-05
   14.4863148       6.78054566E-05
   14.5102634       4.30314867E-05
   14.5342131       1.30009230E-05
   14.5581617       9.30909664E-06
   14.5821114       5.46683486E-06
   14.6060600       7.57175949E-05
   14.6300097       3.02635199E-05
   14.6539583       8.14966370E-07
   14.6779079       1.63194381E-05
   14.7018566       1.51430104E-05
   14.7258062       1.01719166E-07
   14.7497549       1.93520609E-05
   14.7737045       5.47781674E-05
   14.7976532       2.82506207E-05
   14.8216028       2.96100716E-05
   14.8455524       3.99013406E-05
   14.8695011       3.73361909E-05
   14.8934507       4.71227349E-06
   14.9173994       9.96427934E-06
   14.9413490       4.71448493E-06
   14.9652977       2.02288470E-06
   14.9892473       5.53670134E-06
   15.0131960       1.85412391E-05
   15.0371456       3.01209966E-05
   15.0610943       4.75718625E-05
   15.0850439       6.00724306E-05
   15.1089926       5.08301709E-05
   15.1329422       2.49729273E-05
   15.1568909       6.15858735E-05
   15.1808405       7.61705742E-05
   15.2047892       2.23499919E-05
   15.2287388       1.35426917E-05
   15.2526875       6.31111980E-05
   15.2766371       9.69502162E-06
   15.3005857       1.00727739E-05
   15.3245354       6.43500389E-05
   15.3484850       4.01735560E-05
   15.3724337       8.07203469E-06
   15.3963833       1.26803779E-05
   15.4203320       1.52701050E-05
   15.4442816       1.79558792E-05
   15.4682302       3.09266106E-05
   15.4921799       3.17621061E-06
   15.5161285       1.50374035E-05
   15.5400782       5.95057354E-05
   15.5640268       1.62824053E-05
   15.5879765       2.64509490E-05
   15.6119251       3.51499148E-06
   15.6358747       7.22604163E-05
   15.6598234       8.72690289E-05
   15.6837730       4.28258609E-05
   15.7077217       1.88264949E-05
   15.7316713       2.00080649E-06
   15.7556200       7.80236860E-06
   15.7795696       2.35724929E-06
   15.8035183       1.59912852E-05
   15.8274679       3.28487695E-05
   15.8514175       1.07601718E-05
   15.8753662       4.07700009E-06
   15.8993158       1.18294483E-05
   15.9232645       2.10931485E-05
   15.9472141       1.86389684E-06
   15.9711628       3.89413663E-06
   15.9951124       1.40565789E-05
   16.0190620       2.67139549E-05
   16.0430107       9.40002974E-06
   16.0669594       8.80099287E-06
   16.0909081       1.13371261E-05
   16.1148567       2.96585995E-06
   16.1388073       2.65575654E-05
   16.1627560       1.79350218E-06
   16.1867065       3.51828567E-05
   16.2106552       6.48011846E-05
   16.2346039       5.19433270E-05
   16.2585526       1.68154438E-05
   16.2825012       9.65291383E-06
   16.3064499       3.58379543E-06
   16.3304005       3.92044257E-07
   16.3543510       1.13386495E-05
   16.3782997       8.58150670E-05
   16.4022484       8.83312096E-05
   16.4261971       1.31642864E-05
   16.4501457       9.04160879E-06
   16.4740944       3.57053523E-07
   16.4980450       1.37319767E-05
   16.5219936       4.04336151E-06
   16.5459423       6.76902587E-08
   16.5698929       3.42947496E-05
   16.5938416       1.95950415E-05
   16.6177902       2.02904739E-05
   16.6417389       4.08475134E-05
   16.6656895       7.31518230E-05
   16.6896381       6.02534747E-05
   16.7135868       5.31589612E-05
   16.7375355       3.33408898E-05
   16.7614861       2.70987512E-05
   16.7854347       1.13580536E-05
   16.8093834       5.81612476E-05
   16.8333321       2.27893579E-05
   16.8572826       5.20236972E-06
   16.8812313       3.67078210E-05
   16.9051800       5.76354068E-05
   16.9291306       6.67418208E-05
   16.9530792       3.13330429E-06
   16.9770279       1.61887601E-06
   17.0009766       1.09133643E-05
   17.0249271       3.35697041E-05
   17.0488758       2.95099289E-05
   17.0728245       6.21702275E-05
   17.0967731       3.12627599E-05
   17.1207237       1.16338970E-06
   17.1446724       5.58134525E-06
   17.1686211       3.92359034E-05
   17.1925697       6.52646268E-05
   17.2165203       5.77569517E-05
   17.2404690       2.64507853E-05
   17.2644176       1.67139260E-05
   17.2883663       1.80205495E-06
   17.3123169       1.72826617E-06
   17.3362656       5.06862932E-07
   17.3602142       2.07021731E-05
   17.3841648       3.61220991E-05
   17.4081135       3.07372793E-05
   17.4320621       2.24660980E-05
   17.4560108       2.95802010E-06
   17.4799614       2.30587580E-06
   17.5039101       1.25923452E-05
   17.5278587       1.43846391E-05
   17.5518074       2.17407323E-05
   17.5757580       3.78054801E-06
   17.5997066       4.85235541E-05
   17.6236553       8.02138493E-06
   17.6476040       2.85245060E-05
   17.6715546       1.69009691E-05
   17.6955032       2.20434104E-05
   17.7194519       2.45157134E-05
   17.7434006       7.41497279E-05
   17.7673512       6.26310648E-05
   17.7912998       2.66737134E-05
   17.8152485       3.88367789E-06
   17.8391972       4.11096562E-06
   17.8631477       1.08301847E-05
   17.8870964       5.74495652E-06
   17.9110451       8.59474767E-06
   17.9349957       2.36422475E-05
   17.9589443       4.01086709E-06
   17.9828930       1.26522809E-06
   18.0068417       1.02445110E-05
   18.0307922       7.03433834E-05
   18.0547409       1.21436598E-04
   18.0786896       8.13408333E-05
   18.1026382       1.43878187E-05
   18.1265888       1.38194455E-05
   18.1505375       2.10983690E-05
   18.1744862       6.29114875E-05
   18.1984348       1.07721517E-05
   18.2223854       6.41735824E-05
   18.2463341       5.30028774E-05
   18.2702827       7.62266563E-06
   18.2942314       1.34540887E-05
   18.3181820       5.54418948E-05
   18.3421307       6.59715170E-06
   18.3660793       2.02678757E-06
   18.3900299       5.88744888E-06
   18.4139786       2.96200542E-05
   18.4379272       7.64963806E-06
   18.4618759       3.61036400E-05
   18.4858265       2.79663418E-05
   18.5097752       2.11332258E-06
   18.5337238       6.19768707E-06
   18.5576725       9.13499389E-06
   18.5816231       7.74594082E-06
   18.6055717       1.33362812E-06
   18.6295204       6.46657791E-05
   18.6534691       1.01475081E-04
   18.6774197       3.93804512E-05
   18.7013683       5.08269352E-07
   18.7253170       6.07007109E-07
   18.7492657       3.25077008E-06
   18.7732162       4.96490429E-06
   18.7971649       7.00325836E-05
   18.8211136       7.86478558E-05
   18.8450623       8.10670826E-06
   18.8690128       4.45868136E-06
   18.8929615       3.39546068E-06
   18.9169102       1.08773247E-05
   18.9408607       6.71998623E-06
   18.9648094       1.03875782E-05
   18.9887581       3.13980781E-05
   19.0127068       5.85113121E-05
   19.0366573       4.60136180E-05
   19.0606060       4.93770713E-05
   19.0845547       4.65976191E-05
   19.1085033       1.42580075E-05
   19.1324539       2.78868811E-06
   19.1564026       2.21862621E-07
   19.1803513       2.02872798E-05
   19.2042999       4.87333054E-05
   19.2282505       3.85627936E-05
   19.2521992       9.26404246E-05
   19.2761478       5.37481828E-05
   19.3000965       2.13539934E-05
   19.3240471       2.41038379E-05
   19.3479958       2.06859331E-05
   19.3719444       4.12456684E-05
   19.3958931       2.31364320E-05
   19.4198437       2.04320859E-05
   19.4437923       4.64409677E-05
   19.4677410       7.40976702E-06
   19.4916916       6.37662888E-05
   19.5156403       6.86096464E-05
   19.5395889       3.21677908E-05
   19.5635376       3.11849399E-05
   19.5874882       4.34596695E-05
   19.6114368       2.80135355E-05
   19.6353855       1.25252363E-05
   19.6593342       5.23205745E-06
   19.6832848       8.97352766E-06
   19.7072334       1.73425833E-05
   19.7311821       3.56291530E-05
   19.7551308       1.88852500E-05
   19.7790813       2.08848360E-05
   19.8030300       2.97392453E-05
   19.8269787       3.29276190E-05
   19.8509274       3.38715154E-06
   19.8748779       2.55455161E-05
   19.8988266       3.04006044E-05
   19.9227753       3.45731423E-05
   19.9467258       8.40362554E-06
   19.9706745       3.66158997E-06
   19.9946232       3.88341941E-05
   20.0185719       7.67188903E-05
   20.0425224       1.08888991E-04
   20.0664711       1.33181471E-04
   20.0904198       3.51676208E-05
   20.1143684       8.81855158E-08
   20.1383190       1.40901329E-05
   20.1622677       5.80344058E-05
   20.1862164       1.98998387E-05
   20.2101650       8.96951860E-06
   20.2341156       1.70182102E-05
   20.2580643       7.65603818E-06
   20.2820129       3.24540792E-06
   20.3059616       2.48569013E-05
   20.3299122       2.65025733E-06
   20.3538609       6.34923936E-06
   20.3778095       9.68103268E-06
   20.4017582       7.29250769E-06
   20.4257088       1.27197309E-05
   20.4496574       4.16287257E-05
   20.4736061       1.48983323E-04
   20.4975567       9.77583186E-05
   20.5215054       3.14069621E-05
   20.5454540       2.09685845E-06
   20.5694027       3.56612617E-07
   20.5933533       1.06071657E-05
   20.6173019       3.79781750E-06
   20.6412506       6.64411418E-05
   20.6651993       2.68763324E-05
   20.6891499       1.03461407E-05
   20.7130985       1.92268703E-06
   20.7370472       2.50345183E-05
   20.7609959       1.72932650E-05
   20.7849464       2.71175827E-06
   20.8088951       2.15523069E-05
   20.8328438       2.51244956E-06
   20.8567924       4.62685348E-05
   20.8807430       5.76005641E-06
   20.9046917       1.16974679E-05
   20.9286404       9.88947704E-06
   20.9525909       9.52175128E-07
   20.9765396       2.67160772E-06
   21.0004883       2.42085534E-05
   21.0244370       5.20741742E-05
   21.0483875       4.88583610E-05
   21.0723362       2.86274553E-05
   21.0962849       2.67527321E-05
   21.1202335       9.76830052E-06
   21.1441841       1.03936941E-06
   21.1681328       2.01785929E-06
   21.1920815       1.89271359E-05
   21.2160301       6.66758497E-05
   21.2399807       4.84699012E-05
   21.2639294       5.74507503E-05
   21.2878780       2.19842441E-05
   21.3118267       3.21079970E-05
   21.3357773       1.99090427E-05
   21.3597260       4.95434915E-06
   21.3836746       1.90268947E-05
   21.4076233       2.11390234E-05
   21.4315739       1.04868901E-04
   21.4555225       2.21510127E-05
   21.4794712       8.40503981E-06
   21.5034218       4.44197030E-05
   21.5273705       5.60494591E-05
   21.5513191       1.18837625E-05
   21.5752678       2.52087993E-05
   21.5992184       4.85156634E-05
   21.6231670       1.36265871E-05
   21.6471157       7.64991546E-06
   21.6710644       2.70927630E-05
   21.6950150       5.53673453E-06
   21.7189636       4.30701266E-06
   21.7429123       3.66459290E-06
   21.7668610       8.69762152E-06
   21.7908115       1.44889837E-05
   21.8147602       1.63684290E-05
   21.8387089       1.90308783E-05
   21.8626575       6.80838712E-05
   21.8866081       5.63617868E-05
   21.9105568       6.93673064E-05
   21.9345055       2.41912894E-05
   21.9584541       1.94025733E-06
   21.9824047       3.26927948E-05
   22.0063534       7.32556073E-05
   22.0303020       3.57514436E-05
   22.0542526       8.70730730E-07
   22.0782013       1.24103362E-05
   22.1021500       3.32921809E-06
   22.1260986       9.78083972E-06
   22.1500492       2.28345084E-06
   22.1739979       5.18577181E-05
   22.1979465       2.78731059E-05
   22.2218952       7.72024032E-06
   22.2458458       4.25376602E-05
   22.2697945       3.49748079E-05
   22.2937431       1.41897945E-05
   22.3176918       1.97721147E-06
   22.3416424       4.47636694E-06
   22.3655910       3.23305562E-06
   22.3895397       1.77154070E-05
   22.4134884       8.96309029E-06
   22.4374390       2.03617356E-06
   22.4613876       9.35959451E-06
   22.4853363       5.72554818E-05
   22.5092869       4.49229883E-05
   22.5332355       2.08394085E-05
   22.5571842       3.37859783E-05
   22.5811329       7.37050141E-05
   22.6050835       8.06188473E-05
   22.6290321       1.41640467E-05
   22.6529808       1.24972403E-05
   22.6769295       2.23300540E-05
   22.7008801       1.20434106E-05
   22.7248287       1.69171144E-05
   22.7487774       5.99233463E-05
   22.7727261       6.12124722E-07
   22.7966766       2.82531601E-05
   22.8206253       3.84384366E-05
   22.8445740       3.37314377E-05
   22.8685226       3.06365764E-05
   22.8924732       3.44739419E-05
   22.9164219       1.70113799E-06
   22.9403706       1.03207603E-05
   22.9643192       1.62425476E-05
   22.9882698       4.79365735E-06
   23.0122185       4.56393136E-05
   23.0361671       8.19389825E-05
   23.0601177       5.94576704E-05
   23.0840664       1.88975027E-05
   23.1080151       5.01684372E-06
   23.1319637       5.84918567E-08
   23.1559143       1.20935756E-05
   23.1798630       1.03127450E-05
   23.2038116       2.71835870E-05
   23.2277603       7.80734190E-05
   23.2517109       3.32009877E-05
   23.2756596       2.17975810E-07
   23.2996082       2.24579981E-06
   23.3235569       5.01444265E-05
   23.3475075       1.12737143E-05
   23.3714561       4.12864501E-05
   23.3954048       1.67171675E-05
   23.4193535       8.62841334E-05
   23.4433041       1.85551671E-05
   23.4672527       2.23239003E-05
   23.4912014       1.45542363E-05
   23.5151520       3.59245751E-05
   23.5391006       3.37951969E-05
   23.5630493       6.73742943E-06
   23.5869980       3.70578782E-05
   23.6109486       1.05960125E-05
   23.6348972       6.37231210E-07
   23.6588459       2.32324110E-05
   23.6827946       1.55916496E-05
   23.7067451       9.53206472E-06
   23.7306938       7.72003204E-06
   23.7546425       1.72120253E-05
   23.7785912       2.52695008E-05
   23.8025417       5.75772065E-05
   23.8264904       7.95026572E-05
   23.8504391       4.97768051E-05
   23.8743877       1.11965473E-05
   23.8983383       2.51775600E-05
   23.9222870       3.07612536E-05
   23.9462357       1.15348894E-05
   23.9701843       2.85121932E-05
   23.9941349       1.25973718E-04
   24.0180836       1.54465801E-04
   24.0420322       5.05970893E-05
   24.0659828       3.76741241E-06
   24.0899315       1.92214839E-06
   24.1138802       1.67405615E-05
   24.1378288       1.53768160E-05
   24.1617794       3.58847028E-05
   24.1857281       8.65541460E-06
   24.2096767       7.72167732E-06
   24.2336254       6.09341732E-05
   24.2575760       2.97923107E-05
   24.2815247       9.74007889E-06
   24.3054733       5.83654355E-07
   24.3294220       2.94522664E-07
   24.3533726       1.68152619E-05
   24.3773212       4.08005835E-05
   24.4012699       9.07522281E-06
   24.4252186       4.36321716E-05
   24.4491692       7.13406771E-05
   24.4731178       1.06239328E-04
   24.4970665       1.16707488E-04
   24.5210171       7.13770278E-05
   24.5449657       7.98279652E-05
   24.5689144       1.33893729E-04
   24.5928631       8.39525601E-05
   24.6168137       2.10117596E-05
   24.6407623       3.81911159E-05
   24.6647110       1.13604015E-04
   24.6886597       1.12469839E-04
   24.7126102       6.16017787E-05
   24.7365589       2.12098785E-05
   24.7605076       6.75624324E-05
   24.7844563       8.87995629E-05
   24.8084068       8.35702012E-05
   24.8323555       4.01795805E-05
   24.8563042       1.67222806E-05
   24.8802528       6.53800328E-07
   24.9042034       1.72683376E-05
   24.9281521       9.39179881E-05
   24.9521008       7.27718507E-05
   24.9760494       4.97683250E-05
   25.0000000       1.45346727E-04
