  0.500000000       2.10910192E-04
  0.523949146       2.57958920E-04
  0.547898352       2.93610530E-04
  0.571847498       3.66704102E-04
  0.595796704       5.82464389E-04
  0.619745851       8.93664313E-04
  0.643694997       7.05434999E-04
  0.667644143       5.42706228E-04
  0.691593349       4.84094198E-04
  0.715542555       6.32647367E-04
  0.739491701       6.44522719E-04
  0.763440847       3.91250651E-04
  0.787389994       3.66966997E-04
  0.811339200       5.10925311E-04
  0.835288346       8.52411205E-04
  0.859237552       1.10834627E-03
  0.883186698       1.26648124E-03
  0.907135844       1.29160658E-03
  0.931085050       1.29790255E-03
  0.955034196       1.70463079E-03
  0.978983402       1.84148015E-03
   1.00293255       2.08417675E-03
   1.02688169       2.28872197E-03
   1.05083084       2.95170397E-03
   1.07477999       4.25093994E-03
   1.09872913       5.75434975E-03
   1.12267840       7.18008261E-03
   1.14662755       7.90884346E-03
   1.17057669       9.20500327E-03
   1.19452596       1.10087506E-02
   1.21847510       1.11840758E-02
   1.24242425       1.12293856E-02
   1.26637340       1.14346705E-02
   1.29032254       1.32025303E-02
   1.31427169       1.45986583E-02
   1.33822083       1.68198012E-02
   1.36217010       1.89201199E-02
   1.38611925       2.21804865E-02
   1.41006839       2.64658537E-02
   1.43401766       2.89875902E-02
   1.45796680       3.14452276E-02
   1.48191595       3.27616632E-02
   1.50586510       3.55868749E-02
   1.52981424       3.89035642E-02
   1.55376339       4.25566658E-02
   1.57771254       4.74633500E-02
   1.60166180       5.23678698E-02
   1.62561095       5.87444939E-02
   1.64956009       6.70112222E-02
   1.67350924       7.46653229E-02
   1.69745839       8.13484937E-02
   1.72140765       8.73565078E-02
   1.74535680       9.69516486E-02
   1.76930594      0.105878547    
   1.79325509      0.111884475    
   1.81720424      0.117101982    
   1.84115338      0.124423847    
   1.86510265      0.135458291    
   1.88905180      0.145584062    
   1.91300094      0.153705016    
   1.93695009      0.159532189    
   1.96089923      0.168793872    
   1.98484850      0.180567726    
   2.00879765      0.188919008    
   2.03274679      0.197045073    
   2.05669594      0.203823566    
   2.08064508      0.216918364    
   2.10459423      0.231299490    
   2.12854338      0.245191157    
   2.15249252      0.260284901    
   2.17644167      0.274270505    
   2.20039082      0.293887138    
   2.22434020      0.311241597    
   2.24828935      0.328666806    
   2.27223849      0.341164529    
   2.29618764      0.355005503    
   2.32013679      0.368518323    
   2.34408593      0.380254626    
   2.36803532      0.392696619    
   2.39198446      0.404263318    
   2.41593361      0.416728228    
   2.43988276      0.433405012    
   2.46383190      0.448380232    
   2.48778105      0.457033634    
   2.51173019      0.463708848    
   2.53567934      0.474376798    
   2.55962849      0.484309822    
   2.58357763      0.489872158    
   2.60752678      0.493757010    
   2.63147593      0.496800780    
   2.65542507      0.506223798    
   2.67937446      0.517615676    
   2.70332360      0.529786825    
   2.72727275      0.537206531    
   2.75122190      0.545885980    
   2.77517104      0.559371889    
   2.79912019      0.565065801    
   2.82306933      0.572015941    
   2.84701848      0.576234162    
   2.87096763      0.575729668    
   2.89491677      0.577877164    
   2.91886592      0.583740592    
   2.94281530      0.591119230    
   2.96676445      0.584042132    
   2.99071360      0.582819283    
   3.01466274      0.581003368    
   3.03861189      0.577387273    
   3.06256104      0.573055148    
   3.08651018      0.561685324    
   3.11045933      0.552398801    
   3.13440847      0.542621374    
   3.15835762      0.538082838    
   3.18230677      0.530809581    
   3.20625615      0.524124384    
   3.23020530      0.522336245    
   3.25415444      0.522497892    
   3.27810359      0.520512462    
   3.30205274      0.514389575    
   3.32600188      0.510657430    
   3.34995103      0.503241539    
   3.37390018      0.491304189    
   3.39784932      0.481764376    
   3.42179847      0.464809805    
   3.44574785      0.453700155    
   3.46969700      0.445777059    
   3.49364614      0.440318882    
   3.51759529      0.433428049    
   3.54154444      0.418361217    
   3.56549358      0.408640891    
   3.58944273      0.397805363    
   3.61339188      0.384407580    
   3.63734102      0.366768479    
   3.66129017      0.344046950    
   3.68523932      0.329037309    
   3.70918870      0.318132967    
   3.73313785      0.312751800    
   3.75708699      0.301249415    
   3.78103614      0.289762944    
   3.80498528      0.284493655    
   3.82893443      0.282437384    
   3.85288358      0.276865244    
   3.87683272      0.265404522    
   3.90078187      0.256367832    
   3.92473102      0.244010866    
   3.94868040      0.236079901    
   3.97262955      0.227432445    
   3.99657869      0.215085164    
   4.02052784      0.207063884    
   4.04447699      0.200963587    
   4.06842613      0.195359692    
   4.09237528      0.187937722    
   4.11632442      0.178116664    
   4.14027357      0.166200429    
   4.16422272      0.156602189    
   4.18817186      0.147408843    
   4.21212101      0.137300268    
   4.23607063      0.126387730    
   4.26001930      0.119388163    
   4.28396893      0.114725389    
   4.30791759      0.110572688    
   4.33186722      0.104534417    
   4.35581589       9.93581712E-02
   4.37976551       9.48628709E-02
   4.40371418       9.16719288E-02
   4.42766380       8.75404105E-02
   4.45161247       8.00627172E-02
   4.47556210       7.49996379E-02
   4.49951124       7.23887160E-02
   4.52346039       7.00268745E-02
   4.54740953       6.69024438E-02
   4.57135868       6.29394054E-02
   4.59530783       6.00543655E-02
   4.61925697       5.71869612E-02
   4.64320612       5.57802096E-02
   4.66715527       5.23318909E-02
   4.69110441       4.79289591E-02
   4.71505356       4.30603996E-02
   4.73900270       3.85102555E-02
   4.76295185       3.54133323E-02
   4.78690100       3.27231921E-02
   4.81085014       3.04574445E-02
   4.83479929       2.73821112E-02
   4.85874891       2.67706085E-02
   4.88269806       2.55778637E-02
   4.90664721       2.38884799E-02
   4.93059635       2.11728495E-02
   4.95454550       1.96262598E-02
   4.97849464       1.85921695E-02
   5.00244379       1.76319964E-02
   5.02639294       1.61777399E-02
   5.05034208       1.55161731E-02
   5.07429123       1.53392740E-02
   5.09824038       1.57880727E-02
   5.12218952       1.49712013E-02
   5.14613867       1.41394893E-02
   5.17008781       1.27579998E-02
   5.19403696       1.16916355E-02
   5.21798611       1.01885945E-02
   5.24193525       8.51617567E-03
   5.26588440       7.44561804E-03
   5.28983355       6.58888509E-03
   5.31378269       5.59050124E-03
   5.33773184       5.24419639E-03
   5.36168146       5.13812294E-03
   5.38563061       4.77364426E-03
   5.40957975       4.04836563E-03
   5.43352890       3.92194372E-03
   5.45747805       3.73081234E-03
   5.48142719       3.24492971E-03
   5.50537634       2.57819379E-03
   5.52932549       2.04442791E-03
   5.55327463       2.01648357E-03
   5.57722378       2.01635528E-03
   5.60117292       2.01124139E-03
   5.62512207       1.76395732E-03
   5.64907122       2.14120187E-03
   5.67302036       2.47807289E-03
   5.69696951       2.41249241E-03
   5.72091866       1.94035238E-03
   5.74486780       1.71706150E-03
   5.76881695       1.58934190E-03
   5.79276609       1.25883636E-03
   5.81671524       8.56844941E-04
   5.84066439       8.83286702E-04
   5.86461353       9.89292515E-04
   5.88856316       6.70709880E-04
   5.91251230       5.96169848E-04
   5.93646145       4.89500235E-04
   5.96041059       4.45894722E-04
   5.98435974       4.22962010E-04
   6.00830889       2.59756431E-04
   6.03225803       2.54458340E-04
   6.05620718       2.72084319E-04
   6.08015633       2.77105632E-04
   6.10410547       2.02384123E-04
   6.12805462       1.70751038E-04
   6.15200377       3.19709769E-04
   6.17595291       3.56607808E-04
   6.19990206       3.12930060E-04
   6.22385120       3.62760708E-04
   6.24780035       4.61349409E-04
   6.27174950       3.14442615E-04
   6.29569864       1.83845885E-04
   6.31964779       1.61678094E-04
   6.34359694       1.34348549E-04
   6.36754608       8.89114817E-05
   6.39149570       5.46453448E-05
   6.41544485       2.26216180E-05
   6.43939400       5.28277087E-05
   6.46334314       9.84406943E-05
   6.48729229       3.01474756E-05
   6.51124144       1.25391498E-05
   6.53519058       8.56255720E-05
   6.55913973       1.27546184E-04
   6.58308887       1.10350127E-04
   6.60703802       5.91252174E-05
   6.63098717       1.63716668E-05
   6.65493631       2.22890085E-05
   6.67888546       5.42499038E-06
   6.70283461       8.22114671E-05
   6.72678375       6.07002439E-05
   6.75073290       6.17637415E-05
   6.77468204       2.98346458E-05
   6.79863119       1.64498451E-05
   6.82258034       2.49828881E-05
   6.84652948       4.45297155E-05
   6.87047863       3.93214614E-05
   6.89442825       1.58140283E-05
   6.91837740       5.14355670E-05
   6.94232655       7.19141608E-05
   6.96627569       4.20035722E-05
   6.99022484       2.14058091E-05
   7.01417398       1.89917118E-05
   7.03812313       8.54184600E-06
   7.06207228       9.18524438E-06
   7.08602142       2.92930508E-05
   7.10997057       9.52686387E-05
   7.13391972       1.06175037E-04
   7.15786886       8.22384245E-05
   7.18181801       8.72017044E-05
   7.20576715       5.16584732E-05
   7.22971630       1.13604197E-04
   7.25366545       4.66754936E-05
   7.27761459       2.60522247E-05
   7.30156374       1.86153411E-05
   7.32551289       1.55773760E-05
   7.34946203       8.03594958E-06
   7.37341118       2.62739650E-05
   7.39736080       6.28624985E-05
   7.42130995       6.87178690E-05
   7.44525909       4.46007398E-05
   7.46920824       4.45559890E-05
   7.49315739       1.18812852E-04
   7.51710653       1.69076389E-04
   7.54105568       1.44347548E-04
   7.56500483       2.55158229E-05
   7.58895397       1.51782024E-05
   7.61290312       3.76859098E-05
   7.63685226       3.81876562E-05
   7.66080141       1.24049737E-04
   7.68475056       2.27402808E-04
   7.70869970       1.89113416E-04
   7.73264885       1.20876379E-04
   7.75659800       6.79643053E-05
   7.78054714       2.01129333E-05
   7.80449629       7.47215381E-06
   7.82844543       9.44988415E-07
   7.85239458       1.18853814E-05
   7.87634373       1.34561651E-05
   7.90029287       1.14010309E-05
   7.92424250       1.21246430E-05
   7.94819164       3.59693530E-07
   7.97214079       1.46437260E-05
   7.99608994       5.22015653E-05
   8.02003860       4.36222617E-05
   8.04398823       3.31916854E-05
   8.06793785       1.01874604E-04
   8.09188652       1.17503841E-04
   8.11583519       3.59449114E-05
   8.13978481       2.01809398E-05
   8.16373444       1.07347032E-05
   8.18768311       2.43123577E-05
   8.21163177       4.46724880E-05
   8.23558140       9.75059374E-05
   8.25953102       1.43195459E-04
   8.28347969       5.90948403E-05
   8.30742836       2.92534114E-05
   8.33137798       4.50546577E-05
   8.35532761       1.77303918E-05
   8.37927628       4.15228988E-06
   8.40322495       1.08386521E-05
   8.42717552       4.56772468E-05
   8.45112419       4.12116751E-05
   8.47507286       1.39391996E-05
   8.49902248       1.97432910E-05
   8.52297115       1.44914588E-06
   8.54692078       4.48460269E-05
   8.57086945       6.69844812E-05
   8.59481907       4.15147369E-05
   8.61876774       1.04014078E-04
   8.64271736       1.59784249E-04
   8.66666603       1.11543712E-04
   8.69061565       3.11730873E-05
   8.71456528       2.06429149E-06
   8.73851395       3.76354874E-05
   8.76246357       4.86725257E-05
   8.78641224       4.35425391E-05
   8.81036186       8.17950058E-05
   8.83431053       1.43234618E-04
   8.85826015       5.25020005E-05
   8.88220882       1.27620569E-05
   8.90615845       9.83559585E-06
   8.93010712       4.31504623E-06
   8.95405674       4.89495960E-06
   8.97800541       3.70288872E-05
   9.00195503       4.79618539E-05
   9.02590370       2.86021659E-05
   9.04985332       4.30870496E-05
   9.07380199       2.94820575E-06
   9.09775162       2.62926333E-05
   9.12170029       1.19870616E-04
   9.14564991       1.00027726E-04
   9.16959858       1.00210047E-04
   9.19354820       5.62661517E-05
   9.21749783       1.91227828E-05
   9.24144650       1.70922103E-05
   9.26539612       5.93152508E-05
   9.28934479       6.05093628E-05
   9.31329441       3.47240007E-06
   9.33724308       9.75953390E-06
   9.36119270       1.88682625E-05
   9.38514137       1.44313208E-05
   9.40909100       3.21386597E-06
   9.43303967       1.19691858E-05
   9.45698929       1.97267254E-05
   9.48093796       5.48118842E-05
   9.50488758       1.46072402E-04
   9.52883625       1.92306805E-04
   9.55278587       9.85130100E-05
   9.57673454       1.29874770E-05
   9.60068417       1.28478041E-05
   9.62463284       8.24438121E-06
   9.64858246       4.67828504E-05
   9.67253113       9.39661768E-05
   9.69648075       2.00617113E-04
   9.72043037       1.43813551E-04
   9.74437904       1.00750403E-04
   9.76832867       4.99125017E-05
   9.79227734       2.23197148E-05
   9.81622696       1.46402308E-05
   9.84017563       9.05251090E-06
   9.86412525       2.82582562E-07
   9.88807392       2.16993813E-05
   9.91202354       4.85360833E-05
   9.93597221       5.76901766E-06
   9.95992184       3.16575733E-06
   9.98387051       5.83779256E-05
   10.0078201       8.74963589E-05
   10.0317688       8.45759569E-05
   10.0557184       1.40032920E-04
   10.0796671       1.94379536E-04
   10.1036167       1.55018803E-04
   10.1275654       3.73238618E-05
   10.1515150       9.39269557E-06
   10.1754637       1.17351174E-05
   10.1994133       3.48769026E-05
   10.2233629       5.96484679E-05
   10.2473116       7.22699915E-05
   10.2712612       5.28882629E-05
   10.2952099       2.93075827E-05
   10.3191595       3.10078722E-05
   10.3431082       6.75657429E-05
   10.3670578       1.09594575E-05
   10.3910065       1.97046302E-05
   10.4149561       1.17837808E-05
   10.4389048       2.80915337E-05
   10.4628544       2.38212815E-05
   10.4868031       3.39230901E-05
   10.5107527       1.06651294E-06
   10.5347013       5.84540066E-05
   10.5586510       2.08659185E-04
   10.5825996       1.97623289E-04
   10.6065493       1.36306960E-04
   10.6304979       1.49159663E-04
   10.6544476       1.17122552E-04
   10.6783962       6.94825940E-05
   10.7023458       2.11057049E-05
   10.7262955       1.79760373E-05
   10.7502441       4.93370908E-06
   10.7741938       2.91869378E-06
   10.7981424       1.06063681E-06
   10.8220921       1.12892212E-05
   10.8460407       1.32098985E-05
   10.8699903       4.72234296E-06
   10.8939390       1.62756260E-05
   10.9178886       6.08427508E-05
   10.9418373       1.02699909E-04
   10.9657869       1.24714352E-04
   10.9897356       1.01155892E-04
   11.0136852       6.36521290E-05
   11.0376339       6.59757861E-05
   11.0615835       2.64310620E-05
   11.0855322       2.16875196E-05
   11.1094818       6.92443136E-05
   11.1334305       1.12367066E-04
   11.1573801       2.81662069E-05
   11.1813288       1.51331160E-05
   11.2052784       2.01417406E-05
   11.2292271       1.67369071E-05
   11.2531767       1.28633819E-05
   11.2771263       4.05065948E-05
   11.3010750       1.03024158E-05
   11.3250246       1.02818294E-05
   11.3489733       2.83637964E-05
   11.3729229       2.60231118E-05
   11.3968716       6.15965746E-06
   11.4208212       3.22495953E-06
   11.4447699       6.66848018E-06
   11.4687195       2.43764298E-05
   11.4926682       4.57144488E-05
   11.5166178       1.04679857E-04
   11.5405664       4.35470174E-05
   11.5645161       7.88918260E-06
   11.5884647       9.81596713E-06
   11.6124144       9.75124567E-06
   11.6363630       1.00404177E-05
   11.6603127       3.54425138E-05
   11.6842613       5.20838366E-05
   11.7082109       6.74138428E-05
   11.7321596       4.39973810E-05
   11.7561092       4.40128570E-05
   11.7800589       9.75917828E-06
   11.8040075       3.01240798E-05
   11.8279572       4.03039085E-05
   11.8519058       3.68068904E-05
   11.8758554       1.57120903E-05
   11.8998041       4.63513352E-05
   11.9237537       3.68968031E-05
   11.9477024       1.14492896E-05
   11.9716520       7.59381737E-06
   11.9956007       1.92372299E-05
   12.0195503       3.11232507E-05
   12.0434990       6.26982583E-05
   12.0674486       1.15716262E-04
   12.0913973       1.53637666E-04
   12.1153469       7.41995900E-05
   12.1392956       2.21355513E-05
   12.1632452       8.38489723E-06
   12.1871939       1.09505681E-05
   12.2111435       6.61985359E-06
   12.2350922       5.32914282E-06
   12.2590418       1.73727130E-05
   12.2829914       1.59989122E-05
   12.3069401       8.72470082E-06
   12.3308897       1.16003903E-05
   12.3548384       2.07736248E-05
   12.3787880       5.27257725E-05
   12.4027367       5.04049749E-05
   12.4266863       4.91502069E-05
   12.4506350       7.58752503E-05
   12.4745846       1.07723659E-04
   12.4985332       9.06161513E-05
   12.5224829       3.93682640E-05
   12.5464315       1.57619725E-05
   12.5703812       4.70431041E-05
   12.5943298       9.56003278E-05
   12.6182795       1.98525770E-04
   12.6422281       2.92463257E-04
   12.6661777       2.55374558E-04
   12.6901264       2.10999104E-04
   12.7140760       7.91184430E-05
   12.7380247       4.29760585E-05
   12.7619743       3.25253022E-05
   12.7859240       7.26224898E-05
   12.8098726       2.78953976E-05
   12.8338223       2.44955281E-05
   12.8577709       3.62353876E-06
   12.8817205       5.46260571E-06
   12.9056692       3.74066190E-06
   12.9296188       3.61940511E-05
   12.9535675       9.75025760E-05
   12.9775171       1.14121649E-04
   13.0014658       1.24115206E-04
   13.0254154       1.57564384E-04
   13.0493641       1.49178508E-04
   13.0733137       1.12200505E-04
   13.0972624       9.87027670E-06
   13.1212120       1.59009705E-05
   13.1451607       4.87169600E-05
   13.1691103       5.31055157E-05
   13.1930590       8.23802984E-05
   13.2170086       1.09419736E-04
   13.2409573       1.25374892E-04
   13.2649069       7.18567462E-05
   13.2888565       6.52301096E-05
   13.3128052       3.71063543E-05
   13.3367548       4.25240214E-05
   13.3607035       3.76605240E-05
   13.3846531       1.91548879E-05
   13.4086018       6.44429974E-06
   13.4325514       5.86222359E-06
   13.4565001       1.60899003E-06
   13.4804497       2.67655446E-06
   13.5043983       3.38673635E-05
   13.5283480       7.25888021E-05
   13.5522966       8.66496703E-05
   13.5762463       9.97900643E-05
   13.6001949       1.02835525E-04
   13.6241446       9.81369230E-05
   13.6480932       1.02082176E-05
   13.6720428       1.93988726E-05
   13.6959915       3.84207269E-05
   13.7199411       2.26245684E-05
   13.7438898       1.10393648E-05
   13.7678394       7.08011066E-06
   13.7917891       1.19795568E-05
   13.8157377       6.98022677E-06
   13.8396873       3.59944424E-05
   13.8636360       6.82734844E-06
   13.8875856       8.75953119E-05
   13.9115343       1.52080494E-04
   13.9354839       1.69447245E-04
   13.9594326       7.77771493E-05
   13.9833822       3.59136684E-05
   14.0073309       4.48389073E-06
   14.0312805       3.95620600E-06
   14.0552292       3.95423413E-05
   14.0791788       1.18348355E-04
   14.1031275       1.18406751E-04
   14.1270771       4.47460916E-05
   14.1510258       1.87911064E-05
   14.1749754       4.40081494E-05
   14.1989241       2.32647944E-05
   14.2228737       3.77580000E-06
   14.2468224       9.59645331E-06
   14.2707720       2.27556047E-05
   14.2947216       5.62175137E-06
   14.3186703       4.14183050E-05
   14.3426199       2.48191645E-05
   14.3665686       1.49685013E-06
   14.3905182       4.08235428E-05
   14.4144669       4.59977746E-05
   14.4384165       9.93907306E-05
   14.4623652       1.07283442E-04
   14.4863148       1.23809470E-04
   14.5102634       1.21918609E-04
   14.5342131       2.58268519E-05
   14.5581617       4.26575798E-06
   14.5821114       1.37644802E-05
   14.6060600       1.47058508E-05
   14.6300097       2.72420257E-05
   14.6539583       5.98586012E-05
   14.6779079       2.60547931E-05
   14.7018566       3.28972928E-05
   14.7258062       2.11474453E-05
   14.7497549       2.14052870E-05
   14.7737045       3.32554264E-05
   14.7976532       4.44049838E-05
   14.8216028       2.23737516E-05
   14.8455524       2.18068089E-05
   14.8695011       5.66634189E-05
   14.8934507       6.06686663E-05
   14.9173994       2.86349205E-05
   14.9413490       6.04875786E-05
   14.9652977       1.63352379E-04
   14.9892473       1.08026747E-04
   15.0131960       1.20427139E-04
   15.0371456       1.62919139E-04
   15.0610943       2.08245503E-04
   15.0850439       1.27710082E-04
   15.1089926       2.55322393E-05
   15.1329422       2.49348068E-05
   15.1568909       8.18948592E-06
   15.1808405       3.21471452E-06
   15.2047892       9.06708522E-08
   15.2287388       6.59890384E-06
   15.2526875       1.91632917E-05
   15.2766371       1.33102221E-05
   15.3005857       1.41465189E-05
   15.3245354       4.02703190E-05
   15.3484850       1.01897778E-04
   15.3724337       2.44468247E-04
   15.3963833       1.94033913E-04
   15.4203320       1.29621025E-04
   15.4442816       7.13938862E-05
   15.4682302       1.86918187E-05
   15.4921799       2.41873749E-06
   15.5161285       9.55317664E-05
   15.5400782       1.21343859E-04
   15.5640268       7.61915435E-05
   15.5879765       6.12443328E-05
   15.6119251       3.65739179E-05
   15.6358747       1.74768265E-05
   15.6598234       5.59611799E-05
   15.6837730       4.14898095E-05
   15.7077217       6.13566453E-06
   15.7316713       5.03405136E-06
   15.7556200       3.34519063E-05
   15.7795696       1.77790716E-05
   15.8035183       7.32788862E-07
   15.8274679       3.00921010E-06
   15.8514175       5.63204503E-06
   15.8753662       2.95156642E-05
   15.8993158       6.72546012E-05
   15.9232645       1.30911081E-04
   15.9472141       1.29108987E-04
   15.9711628       3.10944124E-05
   15.9951124       1.83554439E-05
   16.0190620       8.05401305E-06
   16.0430107       1.15844364E-06
   16.0669594       8.74223770E-06
   16.0909081       3.06438087E-05
   16.1148567       3.92330985E-05
   16.1388073       3.69370973E-05
   16.1627560       4.53731336E-05
   16.1867065       1.95927605E-05
   16.2106552       5.46681295E-05
   16.2346039       5.68154792E-05
   16.2585526       8.54185346E-05
   16.2825012       9.29590824E-05
   16.3064499       1.22589874E-04
   16.3304005       9.29750458E-05
   16.3543510       7.57232920E-05
   16.3782997       2.65580820E-05
   16.4022484       1.28133506E-05
   16.4261971       2.92829300E-05
   16.4501457       6.51338269E-05
   16.4740944       1.15310591E-04
   16.4980450       1.26020517E-04
   16.5219936       9.52163537E-05
   16.5459423       5.62266796E-05
   16.5698929       4.65675548E-05
   16.5938416       2.53226826E-05
   16.6177902       4.42441342E-06
   16.6417389       1.25363104E-05
   16.6656895       9.39008714E-06
   16.6896381       1.14678242E-05
   16.7135868       1.65626843E-05
   16.7375355       2.40716727E-05
   16.7614861       1.39350243E-06
   16.7854347       2.01584862E-05
   16.8093834       6.82419268E-05
   16.8333321       1.05789026E-04
   16.8572826       1.05412604E-04
   16.8812313       1.49419386E-04
   16.9051800       2.07602105E-04
   16.9291306       1.64406607E-04
   16.9530792       7.82693096E-05
   16.9770279       8.51889999E-05
   17.0009766       8.28384946E-05
   17.0249271       7.30024258E-05
   17.0488758       5.60721965E-05
   17.0728245       5.85952002E-05
   17.0967731       7.02191828E-05
   17.1207237       2.28432837E-05
   17.1446724       4.61840591E-06
   17.1686211       3.04533787E-05
   17.1925697       4.78839465E-05
   17.2165203       3.35660006E-05
   17.2404690       2.23271363E-05
   17.2644176       1.77113216E-05
   17.2883663       1.18452795E-06
   17.3123169       1.49511006E-05
   17.3362656       2.76377227E-06
   17.3602142       3.72732175E-05
   17.3841648       1.02321166E-04
   17.4081135       8.21569265E-05
   17.4320621       7.26424696E-05
   17.4560108       1.25714578E-04
   17.4799614       1.67666702E-04
   17.5039101       1.03912433E-04
   17.5278587       2.19401118E-05
   17.5518074       5.69289205E-06
   17.5757580       6.37415496E-06
   17.5997066       1.09159446E-05
   17.6236553       2.65768613E-05
   17.6476040       8.76460399E-05
   17.6715546       2.23158531E-05
   17.6955032       5.28550481E-06
   17.7194519       7.49882156E-06
   17.7434006       6.99908696E-06
   17.7673512       2.66520219E-05
   17.7912998       3.98190241E-05
   17.8152485       2.18643054E-05
   17.8391972       7.59933073E-06
   17.8631477       2.40745303E-05
   17.8870964       3.40308834E-05
   17.9110451       1.94716065E-07
   17.9349957       5.18815286E-05
   17.9589443       1.67097489E-04
   17.9828930       1.20266064E-04
   18.0068417       1.08221095E-04
   18.0307922       7.08651642E-05
   18.0547409       8.23883747E-05
   18.0786896       5.37005144E-05
   18.1026382       4.81892130E-05
   18.1265888       1.95970242E-05
   18.1505375       1.75612986E-05
   18.1744862       5.18310657E-08
   18.1984348       9.21904848E-06
   18.2223854       4.89612794E-05
   18.2463341       2.82088677E-05
   18.2702827       1.53010478E-05
   18.2942314       4.80394483E-05
   18.3181820       1.40002012E-04
   18.3421307       2.14710206E-04
   18.3660793       2.33187980E-04
   18.3900299       1.34720060E-04
   18.4139786       5.72076788E-05
   18.4379272       3.12618649E-05
   18.4618759       6.46475519E-06
   18.4858265       1.94318545E-05
   18.5097752       7.85594530E-05
   18.5337238       4.57001370E-05
   18.5576725       2.13033290E-05
   18.5816231       1.26962232E-06
   18.6055717       9.05768411E-06
   18.6295204       4.48966603E-05
   18.6534691       1.86591278E-05
   18.6774197       1.33611020E-05
   18.7013683       8.86088492E-06
   18.7253170       5.84253394E-05
   18.7492657       1.16655094E-04
   18.7732162       5.02408657E-05
   18.7971649       3.40519875E-07
   18.8211136       1.02233826E-05
   18.8450623       1.79097242E-05
   18.8690128       3.29978138E-05
   18.8929615       1.58303199E-04
   18.9169102       1.86603502E-04
   18.9408607       1.36940624E-04
   18.9648094       5.02264411E-05
   18.9887581       1.04470331E-04
   19.0127068       7.36142829E-05
   19.0366573       3.09939060E-05
   19.0606060       2.87372295E-05
   19.0845547       3.69517147E-05
   19.1085033       3.15769939E-05
   19.1324539       6.15282188E-05
   19.1564026       5.69653712E-05
   19.1803513       1.29009368E-05
   19.2042999       2.58165473E-05
   19.2282505       6.61318190E-05
   19.2521992       1.08059889E-04
   19.2761478       9.28984155E-05
   19.3000965       1.04837243E-04
   19.3240471       1.02558472E-04
   19.3479958       3.33885182E-05
   19.3719444       2.78229272E-05
   19.3958931       8.00874113E-05
   19.4198437       4.65425292E-05
   19.4437923       1.25525097E-04
   19.4677410       1.29648601E-04
   19.4916916       9.35050921E-05
   19.5156403       2.34572963E-05
   19.5395889       2.79691794E-05
   19.5635376       1.90965020E-05
   19.5874882       1.17861937E-05
   19.6114368       7.79125367E-06
   19.6353855       1.01027688E-07
   19.6593342       3.60108197E-06
   19.6832848       2.22449125E-06
   19.7072334       2.81095504E-06
   19.7311821       1.44426522E-05
   19.7551308       9.33648553E-05
   19.7790813       2.09119637E-04
   19.8030300       2.25067895E-04
   19.8269787       1.47970597E-04
   19.8509274       5.70802440E-05
   19.8748779       9.31017421E-05
   19.8988266       5.00964670E-05
   19.9227753       8.84574820E-06
   19.9467258       1.09505609E-05
   19.9706745       5.60260960E-05
   19.9946232       5.91698044E-05
   20.0185719       4.55587760E-05
   20.0425224       5.39654357E-05
   20.0664711       5.52734600E-05
   20.0904198       2.24384839E-05
   20.1143684       1.15594012E-05
   20.1383190       1.62432079E-05
   20.1622677       6.16847465E-05
   20.1862164       6.34274184E-05
   20.2101650       6.68036228E-05
   20.2341156       2.91069991E-05
   20.2580643       2.47679109E-05
   20.2820129       4.56870184E-05
   20.3059616       4.20777687E-05
   20.3299122       1.13232913E-04
   20.3538609       1.25980936E-04
   20.3778095       1.21053206E-04
   20.4017582       3.86006031E-05
   20.4257088       3.66982999E-06
   20.4496574       1.97075633E-06
   20.4736061       1.41913979E-05
   20.4975567       1.58095227E-05
   20.5215054       3.24905632E-05
   20.5454540       4.39149226E-05
   20.5694027       4.16492185E-05
   20.5933533       2.38040921E-05
   20.6173019       2.27899932E-06
   20.6412506       3.52003190E-05
   20.6651993       4.30587534E-05
   20.6891499       5.12334336E-05
   20.7130985       1.74350178E-04
   20.7370472       2.64527247E-04
   20.7609959       2.59805325E-04
   20.7849464       9.69691973E-05
   20.8088951       2.77538820E-05
   20.8328438       4.41653901E-05
   20.8567924       2.13337044E-05
   20.8807430       4.00715035E-05
   20.9046917       1.32725225E-04
   20.9286404       1.62632365E-04
   20.9525909       7.90973936E-05
   20.9765396       3.32912168E-05
   21.0004883       3.11780932E-05
   21.0244370       4.77981848E-06
   21.0483875       3.11572221E-05
   21.0723362       2.39325182E-05
   21.0962849       1.69883424E-05
   21.1202335       2.76018673E-05
   21.1441841       6.70036243E-05
   21.1681328       3.58774996E-05
   21.1920815       8.74609759E-06
   21.2160301       5.38833519E-05
   21.2399807       6.04562811E-05
   21.2639294       1.18234420E-04
   21.2878780       1.17178904E-04
   21.3118267       2.23285359E-04
   21.3357773       1.58300463E-04
   21.3597260       5.40890032E-05
   21.3836746       4.21527102E-06
   21.4076233       4.32082925E-06
   21.4315739       1.49486032E-05
   21.4555225       1.06852576E-05
   21.4794712       1.79898343E-05
   21.5034218       2.44672137E-05
   21.5273705       3.65942515E-06
   21.5513191       5.88765215E-06
   21.5752678       3.08331546E-05
   21.5992184       3.24178109E-05
   21.6231670       8.72761957E-05
   21.6471157       7.91815328E-05
   21.6710644       1.28907632E-04
   21.6950150       1.87385449E-04
   21.7189636       1.90732797E-04
   21.7429123       1.52781256E-04
   21.7668610       5.18576635E-05
   21.7908115       2.04370735E-05
   21.8147602       1.85842546E-05
   21.8387089       1.48212657E-05
   21.8626575       2.31908598E-05
   21.8866081       7.74314030E-05
   21.9105568       4.77085086E-05
   21.9345055       2.58051896E-05
   21.9584541       1.49853508E-06
   21.9824047       7.10028019E-07
   22.0063534       8.12534381E-06
   22.0303020       1.63628590E-06
   22.0542526       1.25972463E-06
   22.0782013       8.94881214E-06
   22.1021500       3.38291693E-06
   22.1260986       1.21015159E-06
   22.1500492       1.80404950E-05
   22.1739979       4.19514654E-05
   22.1979465       3.50433838E-05
   22.2218952       1.61258777E-05
   22.2458458       3.55654083E-05
   22.2697945       2.82593828E-05
   22.2937431       1.40036191E-05
   22.3176918       8.41377823E-06
   22.3416424       6.17334590E-05
   22.3655910       8.38358028E-05
   22.3895397       4.14683600E-05
   22.4134884       1.56519654E-05
   22.4374390       7.90744380E-05
   22.4613876       9.64073988E-05
   22.4853363       8.03134390E-05
   22.5092869       8.35568571E-05
   22.5332355       2.56191634E-05
   22.5571842       2.67373616E-06
   22.5811329       1.87067053E-05
   22.6050835       1.59792817E-05
   22.6290321       1.37732354E-06
   22.6529808       1.28186900E-06
   22.6769295       9.87809926E-06
   22.7008801       3.20864569E-06
   22.7248287       3.35989789E-05
   22.7487774       1.25549559E-04
   22.7727261       2.06585159E-04
   22.7966766       2.01047573E-04
   22.8206253       1.53311164E-04
   22.8445740       1.18392527E-04
   22.8685226       9.79753968E-05
   22.8924732       2.06723234E-06
   22.9164219       7.23791891E-05
   22.9403706       6.87827342E-05
   22.9643192       6.06545218E-05
   22.9882698       3.97395961E-05
   23.0122185       2.38388966E-05
   23.0361671       1.34949059E-05
   23.0601177       1.90214196E-05
   23.0840664       2.15590098E-05
   23.1080151       3.42395215E-05
   23.1319637       1.74161862E-04
   23.1559143       2.16008513E-04
   23.1798630       1.31612207E-04
   23.2038116       6.38249039E-05
   23.2277603       4.62459102E-05
   23.2517109       4.59362900E-06
   23.2756596       3.05041649E-05
   23.2996082       7.45694342E-05
   23.3235569       1.69947045E-04
   23.3475075       7.26376093E-05
   23.3714561       2.50119592E-05
   23.3954048       2.14179454E-05
   23.4193535       3.12972879E-05
   23.4433041       3.17970553E-05
   23.4672527       1.10594838E-05
   23.4912014       3.43456395E-06
   23.5151520       1.95895373E-05
   23.5391006       7.24116690E-05
   23.5630493       1.36336923E-04
   23.5869980       3.27808084E-05
   23.6109486       1.96034239E-06
   23.6348972       2.53802536E-05
   23.6588459       4.68458311E-05
   23.6827946       8.79462241E-05
   23.7067451       9.76644296E-05
   23.7306938       1.39660522E-04
   23.7546425       7.29104868E-05
   23.7785912       7.60075000E-06
   23.8025417       9.32330022E-06
   23.8264904       1.97754489E-05
   23.8504391       3.80895690E-05
   23.8743877       8.30603094E-05
   23.8983383       5.66569397E-05
   23.9222870       4.51539672E-05
   23.9462357       3.37104466E-05
   23.9701843       1.42337221E-05
   23.9941349       2.02908377E-05
   24.0180836       4.17815318E-05
   24.0420322       1.04142046E-05
   24.0659828       1.63978802E-05
   24.0899315       5.36053740E-05
   24.1138802       8.26366158E-05
   24.1378288       2.77202707E-05
   24.1617794       3.01318914E-06
   24.1857281       1.81475298E-05
   24.2096767       7.85381417E-05
   24.2336254       9.72840353E-05
   24.2575760       1.09892200E-04
   24.2815247       1.58520081E-04
   24.3054733       1.14922295E-04
   24.3294220       4.47007187E-05
   24.3533726       7.67668462E-05
   24.3773212       1.73264998E-05
   24.4012699       1.96413112E-06
   24.4252186       4.60371484E-06
   24.4491692       1.17627415E-05
   24.4731178       1.21426019E-05
   24.4970665       1.08506322E-06
   24.5210171       5.22115988E-06
   24.5449657       2.98970299E-05
   24.5689144       2.30304548E-04
   24.5928631       3.37009056E-04
   24.6168137       2.82783847E-04
   24.6407623       1.52585766E-04
   24.6647110       7.65994046E-05
   24.6886597       5.39064858E-05
   24.7126102       1.97221652E-06
   24.7365589       1.70312669E-05
   24.7605076       1.03217390E-04
   24.7844563       4.80250819E-05
   24.8084068       3.11102594E-05
   24.8323555       6.03582157E-05
   24.8563042       1.02104073E-04
   24.8802528       3.77866236E-05
   24.9042034       5.77423780E-05
   24.9281521       8.46796684E-05
   24.9521008       7.99463523E-05
   24.9760494       4.66772726E-05
   25.0000000       3.19571009E-05
